 -4.1249582e+000  0.0000000e+000
 -3.9997709e+000  1.2922267e-003
 -3.8743977e+000 -1.0316831e-003
 -3.7499720e+000  4.4939414e-004
 -3.6251899e+000 -1.8710184e-004
 -3.4999007e+000 -5.4556799e-004
 -3.3751264e+000  2.3466418e-003
 -3.2499643e+000  2.6753815e-004
 -3.1251251e+000  3.2087092e-003
 -3.0000739e+000 -9.0403413e-004
 -2.8750234e+000  1.1086221e-003
 -2.7504219e+000  1.2572544e-003
 -2.6250370e+000 -2.7977845e-005
 -2.4999860e+000  2.2382276e-003
 -2.3751291e+000 -7.4316152e-004
 -2.2501022e+000  2.5547270e-003
 -2.1249641e+000 -2.9656516e-003
 -2.0000362e+000  9.4075505e-004
 -1.8752167e+000  1.7311292e-003
 -1.7503910e+000 -7.8512829e-004
 -1.6253243e+000 -1.2380197e-003
 -1.4999916e+000 -2.4410670e-003
 -1.3752029e+000 -1.4915689e-003
 -1.2503723e+000 -2.7400802e-003
 -1.1251477e+000  1.5457760e-003
 -1.0000180e+000 -2.2679541e-003
 -8.7541517e-001  4.8611507e-004
 -7.5000189e-001 -5.5780829e-004
 -6.2494870e-001 -3.1475076e-004
 -4.9999916e-001 -2.2259873e-003
 -3.7539324e-001  6.3824460e-004
 -2.5023166e-001 -1.5475246e-003
 -1.2533800e-001 -5.0709845e-004
  0.0000000e+000 -2.9149418e-003
  1.2488976e-001 -2.7155996e-003
  2.4997535e-001  2.2976806e-003
  3.7488969e-001 -1.7643529e-003
  5.0003869e-001  9.0403413e-004
  6.2494605e-001 -2.5354922e-004
  7.4963201e-001  8.0009644e-002
  8.7489904e-001  6.0113898e-002
  9.9986088e-001  1.9869586e+000
  1.1250945e+000  3.4403412e+000
  1.2499575e+000  3.4403412e+000
  1.3747170e+000  3.4403412e+000
  1.4997345e+000  3.4403412e+000
  1.6250135e+000  3.4403412e+000
  1.7499562e+000  3.4403412e+000
  1.8746468e+000  3.4403412e+000
  1.9996715e+000  3.4399530e+000
  2.1248562e+000  3.1342479e+000
  2.2498650e+000  2.6062832e+000
  2.3749784e+000  2.3535296e+000
  2.4998195e+000  2.1910640e+000
  2.6246308e+000  2.1037853e+000
  2.7497618e+000  1.9434076e+000
  2.8750482e+000  1.9282838e+000
  2.9998320e+000  1.7841629e+000
  3.1249683e+000  1.6686494e+000
  3.2495943e+000  1.4809268e+000
  3.3747567e+000  1.3839853e+000
  3.4996906e+000  1.2609842e+000
  3.6247987e+000  1.2069992e+000
  3.7498819e+000  1.1543712e+000
  3.8747003e+000  1.0867330e+000
  3.9998160e+000  1.0461214e+000
  4.1246373e+000  1.0461231e+000
  4.2500107e+000  9.9680692e-001
  4.3750795e+000  9.6323700e-001
  4.5000853e+000  8.9854173e-001
  4.6247182e+000  8.9709038e-001
  4.7497773e+000  9.4584003e-001
  4.8747605e+000  9.4177275e-001
  5.0000351e+000  9.6097429e-001
  5.1249627e+000  9.3993670e-001
  5.2496291e+000  9.3648668e-001
  5.3750355e+000  9.2950796e-001
  5.5000908e+000  9.4997201e-001
  5.6246710e+000  9.5463906e-001
  5.7497088e+000  9.7383011e-001
  5.8750107e+000  9.9004677e-001
  6.0000624e+000  9.8468552e-001
  6.1247319e+000  9.9701675e-001
  6.2500747e+000  9.9303341e-001
  6.3748048e+000  1.0139713e+000
  6.5001108e+000  1.0264739e+000
  6.6247309e+000  1.0328266e+000
  6.7496647e+000  1.0344843e+000
  6.8746440e+000  1.0438587e+000
  7.0000833e+000  1.0503320e+000
  7.1247328e+000  1.0490555e+000
  7.2500499e+000  1.0384310e+000
  7.3750918e+000  1.0168898e+000
  7.5000707e+000  1.0414019e+000
  7.6248157e+000  1.0294046e+000
  7.7497878e+000  1.0389993e+000
  7.8747102e+000  1.0269443e+000
  7.9997202e+000  1.0310553e+000
  8.1250206e+000  1.0306304e+000
  8.2496618e+000  1.0337132e+000
  8.3746918e+000  1.0391986e+000
  8.4998204e+000  1.0360756e+000
  8.6248977e+000  1.0484260e+000
  8.7499795e+000  1.0325993e+000
  8.8749827e+000  1.0419439e+000
  9.0001411e+000  1.0331466e+000
  9.1246093e+000  1.0393472e+000
  9.2501117e+000  1.0280792e+000
  9.3747772e+000  1.0232565e+000
  9.4997653e+000  1.0189287e+000
  9.6248273e+000  1.0091154e+000
  9.7501360e+000  1.0137475e+000
  9.8751294e+000  1.0062984e+000
  1.0000053e+001  1.0183271e+000
  1.0124985e+001  1.0081292e+000
  1.0249893e+001  1.0143123e+000
  1.0374982e+001  1.0014285e+000
  1.0500106e+001  1.0031037e+000
  1.0625111e+001  9.9682965e-001
  1.0750053e+001  9.8562278e-001
  1.0875077e+001  9.9674397e-001
  1.0999706e+001  9.9063955e-001
  1.1124710e+001  9.9726156e-001
  1.1250121e+001  9.8819149e-001
  1.1374801e+001  9.9635927e-001
  1.1499827e+001  9.8641315e-001
  1.1625136e+001  9.9603228e-001
  1.1750053e+001  9.8558955e-001
  1.1874988e+001  9.9060808e-001
  1.1999694e+001  9.9257702e-001
  1.2124849e+001  9.8962710e-001
  1.2250076e+001  9.9453372e-001
  1.2375087e+001  9.8538496e-001
  1.2500252e+001  9.9470333e-001
  1.2625023e+001  9.8934033e-001
  1.2750065e+001  1.0026910e+000
  1.2874917e+001  9.9022163e-001
  1.3000059e+001  9.9823554e-001
  1.3125049e+001  9.9592737e-001
  1.3249759e+001  9.9810614e-001
  1.3375229e+001  1.0033905e+000
  1.3500301e+001  9.9333592e-001
  1.3625245e+001  1.0017642e+000
  1.3750454e+001  9.9201222e-001
  1.3874947e+001  1.0035321e+000
  1.4000576e+001  9.9784385e-001
  1.4125320e+001  1.0070276e+000
  1.4250443e+001  9.9921127e-001
  1.4375143e+001  1.0049030e+000
  1.4499875e+001  1.0049310e+000
  1.4625058e+001  9.9985825e-001
  1.4750019e+001  1.0023990e+000
  1.4874745e+001  9.9343034e-001
  1.5000168e+001  1.0065117e+000
  1.5124911e+001  9.9270467e-001
  1.5250080e+001  1.0074980e+000
  1.5375250e+001  9.9588540e-001
  1.5500216e+001  1.0055168e+000
  1.5625059e+001  9.9782461e-001
  1.5750140e+001  9.9971662e-001
  1.5875064e+001  9.9931094e-001
  1.6000077e+001  9.9442705e-001
  1.6125066e+001  1.0028379e+000
  1.6249728e+001  9.9382028e-001
  1.6374780e+001  1.0060606e+000
  1.6500140e+001  9.9660408e-001
  1.6625197e+001  1.0054521e+000
