 -5.1246076e+000  0.0000000e+000
 -4.9999289e+000  1.7092498e-003
 -4.8751460e+000  3.5468393e-003
 -4.7499223e+000  6.3936445e-003
 -4.6250842e+000  6.0105703e-003
 -4.5001496e+000  3.3873871e-003
 -4.3752473e+000 -4.5404987e-003
 -4.2502811e+000 -3.6498998e-003
 -4.1253214e+000 -7.2142400e-004
 -4.0001717e+000 -1.4584043e-003
 -3.8748032e+000 -6.5219840e-003
 -3.7502150e+000 -6.8817238e-003
 -3.6253265e+000 -1.0794136e-002
 -3.4999595e+000 -3.4885031e-003
 -3.3751287e+000  3.8696328e-004
 -3.2500410e+000 -2.5745697e-003
 -3.1249490e+000 -5.2794236e-003
 -3.0000562e+000 -5.2269210e-003
 -2.8749884e+000 -4.4393827e-003
 -2.7499953e+000 -4.2896532e-003
 -2.6251613e+000  2.6251277e-004
 -2.5001479e+000  2.1487157e-003
 -2.3751700e+000  2.5356789e-003
 -2.2500354e+000 -5.3085917e-004
 -2.1250382e+000 -4.4335491e-004
 -1.9999860e+000 -2.3723377e-003
 -1.8749080e+000  1.7053608e-003
 -1.7500404e+000 -1.9698181e-003
 -1.6250523e+000  2.8954187e-003
 -1.4998413e+000  3.3698862e-003
 -1.3749528e+000  9.1996143e-003
 -1.2499276e+000  9.3279539e-003
 -1.1249458e+000  7.2259072e-003
 -1.0001076e+000  1.0337170e-002
 -8.7493019e-001  4.9857982e-003
 -7.5000272e-001  2.0184316e-003
 -6.2504313e-001  5.5963834e-003
 -4.9997863e-001  3.4496123e-003
 -3.7505130e-001  6.7942195e-003
 -2.4978859e-001  1.7753642e-003
 -1.2507442e-001  5.1083041e-003
  0.0000000e+000 -3.1034844e-003
  1.2495052e-001 -4.3557675e-004
  2.4986304e-001 -2.9420876e-003
  3.7487544e-001  1.5672985e-003
  4.9996187e-001 -1.0461620e-003
  6.2486224e-001  4.9799646e-003
  7.4999923e-001  5.1821966e-003
  8.7463672e-001  3.5779519e-004
  9.9982917e-001  2.0911573e-002
  1.1254576e+000  8.5196090e-002
  1.2500519e+000  1.9881162e-001
  1.3749992e+000  4.5695307e-001
  1.4999950e+000  8.7140629e-001
  1.6249910e+000  1.2862990e+000
  1.7500492e+000  1.5899621e+000
  1.9061188e+000  1.8247710e+000
  2.0312276e+000  1.8119954e+000
  2.1564288e+000  1.6854856e+000
  2.2814624e+000  1.5137167e+000
  2.4061485e+000  1.3082528e+000
  2.5320087e+000  1.2596199e+000
  2.6570141e+000  1.1632388e+000
  2.7812100e+000  1.1514102e+000
  2.9061944e+000  1.1591086e+000
  3.0314574e+000  1.1957496e+000
  3.1562838e+000  1.2151658e+000
  3.2812536e+000  1.2114440e+000
  3.4064229e+000  1.2044397e+000
  3.5311534e+000  1.1648159e+000
  3.6564337e+000  1.1164902e+000
  3.7814345e+000  1.0612691e+000
  3.9066731e+000  1.0336120e+000
  4.0314213e+000  9.9868804e-001
  4.1566607e+000  9.6329549e-001
  4.2811419e+000  9.5245079e-001
  4.4059781e+000  9.5425144e-001
  4.5309806e+000  9.6237378e-001
  4.6561300e+000  9.2149373e-001
  4.7814349e+000  9.3648029e-001
  4.9061097e+000  9.5103711e-001
  5.0312475e+000  9.6147151e-001
  5.1566995e+000  9.5265303e-001
  5.2816079e+000  9.5663350e-001
  5.4063359e+000  9.4038298e-001
  5.5313847e+000  9.4799002e-001
  5.6566403e+000  9.3272150e-001
  5.7812098e+000  9.2770459e-001
  5.9059980e+000  9.4346702e-001
  6.0311886e+000  9.6158235e-001
  6.1560089e+000  9.6434359e-001
  6.2812905e+000  9.5723436e-001
  6.4065239e+000  9.6181375e-001
  6.5312512e+000  9.7070029e-001
  6.6563097e+000  9.9405615e-001
  6.7811801e+000  1.0002184e+000
  6.9061902e+000  1.0049358e+000
  7.0312417e+000  1.0074599e+000
  7.1563813e+000  1.0110125e+000
  7.2813200e+000  1.0109484e+000
  7.4063194e+000  1.0088852e+000
  7.5308886e+000  1.0083680e+000
  7.6561567e+000  1.0069173e+000
  7.7812870e+000  1.0135929e+000
  7.9062312e+000  1.0134743e+000
  8.0312633e+000  1.0147422e+000
  8.1562599e+000  1.0161714e+000
  8.2812817e+000  1.0242179e+000
  8.4064395e+000  1.0225962e+000
  8.5314481e+000  1.0190999e+000
  8.6565471e+000  1.0161383e+000
  8.7813501e+000  1.0225320e+000
  8.9063498e+000  1.0259369e+000
  9.0313782e+000  1.0227789e+000
  9.1562025e+000  1.0192554e+000
  9.2813631e+000  1.0231367e+000
  9.4059820e+000  1.0260322e+000
  9.5310626e+000  1.0180265e+000
  9.6564684e+000  1.0155511e+000
  9.7813483e+000  1.0117690e+000
  9.9062438e+000  1.0036700e+000
  1.0031093e+001  1.0002942e+000
  1.0156292e+001  1.0025188e+000
  1.0281396e+001  9.9350196e-001
  1.0406057e+001  9.9022930e-001
  1.0531241e+001  9.9612514e-001
  1.0656296e+001  9.9514509e-001
  1.0781386e+001  9.9107712e-001
  1.0906367e+001  9.9383836e-001
  1.1031345e+001  9.8470875e-001
  1.1156327e+001  9.8571408e-001
  1.1281256e+001  9.9107128e-001
  1.1406368e+001  9.9109656e-001
  1.1531381e+001  9.9061237e-001
  1.1656514e+001  9.9535121e-001
  1.1781299e+001  9.9320639e-001
  1.1906403e+001  9.9711102e-001
  1.2031368e+001  9.9623015e-001
  1.2156369e+001  9.9008735e-001
  1.2281220e+001  9.9720242e-001
  1.2406517e+001  9.9749799e-001
  1.2531304e+001  9.9689907e-001
  1.2656464e+001  9.9787717e-001
  1.2781363e+001  1.0015854e+000
  1.2906276e+001  9.9540955e-001
  1.3031209e+001  1.0004712e+000
  1.3156357e+001  1.0050272e+000
  1.3281347e+001  9.9503425e-001
  1.3406373e+001  1.0014046e+000
  1.3531482e+001  9.9800357e-001
  1.3656683e+001  9.9503620e-001
  1.3781397e+001  1.0004517e+000
  1.3906811e+001  9.9680767e-001
  1.4031662e+001  9.9693213e-001
  1.4157044e+001  1.0021902e+000
  1.4282321e+001  1.0004965e+000
  1.4406652e+001  1.0036311e+000
  1.4531729e+001  1.0032422e+000
  1.4656885e+001  9.9771189e-001
  1.4781572e+001  1.0072362e+000
  1.4906245e+001  9.9977893e-001
  1.5031221e+001  9.9913140e-001
  1.5156380e+001  1.0014551e+000
  1.5281227e+001  9.9795690e-001
  1.5406180e+001  1.0039655e+000
  1.5531182e+001  9.9761466e-001
  1.5656392e+001  1.0000687e+000
  1.5781348e+001  9.9423699e-001
  1.5906290e+001  9.9049570e-001
  1.6031230e+001  1.0033549e+000
  1.6156430e+001  9.9852081e-001
  1.6281878e+001  1.0015990e+000
