 -2.4995903e+000  0.0000000e+000
 -2.3750364e+000  1.9716906e-003
 -2.2498162e+000  8.9834979e-005
 -2.1249585e+000  3.1030499e-003
 -2.0000697e+000  4.3878773e-003
 -1.8749383e+000  2.7062787e-003
 -1.7498653e+000  1.4944423e-003
 -1.6249752e+000  8.6559745e-004
 -1.4999543e+000  5.6305945e-003
 -1.3750359e+000  4.0238584e-004
 -1.2499339e+000  5.9291086e-003
 -1.1250313e+000  1.6338737e-003
 -9.9968306e-001  2.2140579e-003
 -8.7509083e-001  3.0469030e-003
 -7.5001390e-001  2.0783697e-003
 -6.2528073e-001  4.1660972e-003
 -4.9982218e-001  4.0116933e-003
 -3.7470321e-001  4.3682259e-003
 -2.4965030e-001  4.2082073e-003
 -1.2512261e-001  5.1365021e-003
  0.0000000e+000  3.6448671e-003
  1.2509369e-001  5.6698973e-003
  2.5019577e-001  5.8074571e-003
  3.7511932e-001  8.1740473e-003
  5.0016930e-001  6.6758619e-003
  6.2517820e-001  6.0582464e-003
  7.4996222e-001  3.1722977e-003
  8.7519587e-001  4.8510889e-003
  1.0002773e+000  8.2629465e-003
  1.1251673e+000  9.0153145e-003
  1.2502000e+000  6.3325332e-001
  1.3751816e+000  9.9013213e-001
  1.5001953e+000  1.3105988e+000
  1.6250991e+000  1.3657191e+000
  1.7501905e+000  1.5213095e+000
  1.9065937e+000  1.4985597e+000
  2.0311038e+000  1.4309084e+000
  2.1564277e+000  1.4702692e+000
  2.2814334e+000  1.5194866e+000
  2.4064401e+000  1.4987329e+000
  2.5315039e+000  1.4560959e+000
  2.6564304e+000  1.3579465e+000
  2.7811402e+000  1.2799510e+000
  2.9064137e+000  1.2261670e+000
  3.0313886e+000  1.1444976e+000
  3.1564188e+000  1.0494457e+000
  3.2815926e+000  1.0038001e+000
  3.4064631e+000  9.5957701e-001
  3.5315986e+000  9.6927638e-001
  3.6561479e+000  9.8031766e-001
  3.7815581e+000  1.0022561e+000
  3.9064001e+000  1.0066515e+000
  4.0311707e+000  1.0177040e+000
  4.1562876e+000  1.0106445e+000
  4.2811910e+000  1.0218626e+000
  4.4064980e+000  1.0202063e+000
  4.5315134e+000  1.0168777e+000
  4.6564901e+000  1.0158773e+000
  4.7810473e+000  1.0196878e+000
  4.9065691e+000  1.0195821e+000
  5.0314663e+000  1.0288510e+000
  5.1563991e+000  1.0206620e+000
  5.2814326e+000  1.0265452e+000
  5.4063692e+000  1.0320289e+000
  5.5312367e+000  1.0329759e+000
  5.6563752e+000  1.0381564e+000
  5.7815586e+000  1.0417012e+000
  5.9064498e+000  1.0471801e+000
  6.0313346e+000  1.0478361e+000
  6.1563992e+000  1.0415336e+000
  6.2811841e+000  1.0364252e+000
  6.4063421e+000  1.0279620e+000
  6.5313900e+000  1.0261419e+000
  6.6561953e+000  1.0293329e+000
  6.7812310e+000  1.0301050e+000
  6.9064005e+000  1.0198469e+000
  7.0314983e+000  1.0258509e+000
  7.1565091e+000  1.0221040e+000
  7.2814495e+000  1.0282783e+000
  7.4064892e+000  1.0297578e+000
  7.5313716e+000  1.0330601e+000
  7.6562125e+000  1.0342280e+000
  7.7813317e+000  1.0338378e+000
  7.9063635e+000  1.0352723e+000
  8.0314286e+000  1.0306112e+000
  8.1561317e+000  1.0342430e+000
  8.2811125e+000  1.0296081e+000
  8.4062618e+000  1.0311643e+000
  8.5314782e+000  1.0283541e+000
  8.6560106e+000  1.0293938e+000
  8.7813332e+000  1.0255992e+000
  8.9063458e+000  1.0238305e+000
  9.0313871e+000  1.0247560e+000
  9.1563591e+000  1.0223408e+000
  9.2811403e+000  1.0263038e+000
  9.4062343e+000  1.0215847e+000
  9.5313970e+000  1.0235713e+000
  9.6563970e+000  1.0214218e+000
  9.7815541e+000  1.0208548e+000
  9.9064558e+000  1.0172024e+000
  1.0031460e+001  1.0178902e+000
  1.0156363e+001  1.0160523e+000
  1.0281410e+001  1.0124215e+000
  1.0406345e+001  1.0125918e+000
  1.0531495e+001  1.0095178e+000
  1.0656526e+001  1.0108363e+000
  1.0781317e+001  1.0074946e+000
  1.0906088e+001  1.0107100e+000
  1.1031593e+001  1.0087710e+000
  1.1156259e+001  1.0099136e+000
  1.1281403e+001  1.0065148e+000
  1.1406577e+001  1.0063782e+000
  1.1531702e+001  1.0063595e+000
  1.1656889e+001  1.0068854e+000
  1.1781398e+001  1.0059599e+000
  1.1906367e+001  1.0041885e+000
  1.2031508e+001  1.0064213e+000
  1.2157185e+001  1.0057606e+000
  1.2281837e+001  1.0098696e+000
  1.2406447e+001  1.0085315e+000
  1.2531576e+001  1.0102505e+000
  1.2656692e+001  1.0103122e+000
  1.2781402e+001  1.0078240e+000
  1.2906440e+001  1.0104189e+000
  1.3031849e+001  1.0077660e+000
  1.3156553e+001  1.0081890e+000
  1.3281507e+001  1.0059188e+000
  1.3406666e+001  1.0000233e+000
  1.3531623e+001  9.9551474e-001
  1.3656538e+001  9.9945157e-001
  1.3781406e+001  9.9652819e-001
  1.3906948e+001  9.9850363e-001
  1.4031478e+001  9.9915587e-001
  1.4156439e+001  9.9993163e-001
  1.4281211e+001  1.0005614e+000
  1.4406386e+001  9.9884987e-001
  1.4531391e+001  1.0009610e+000
  1.4656547e+001  9.9512920e-001
  1.4781847e+001  9.9800018e-001
  1.4906539e+001  9.9551568e-001
