 -4.5027234e+000  0.0000000e+000
 -4.3778181e+000  6.2306925e-003
 -4.2531584e+000  4.0970092e-003
 -4.1279156e+000  1.8486299e-003
 -4.0028449e+000  4.0615884e-003
 -3.8780172e+000  3.5994309e-003
 -3.7533188e+000  7.1128398e-003
 -3.6279624e+000 -9.5298897e-004
 -3.5030751e+000 -2.1623573e-003
 -3.3778384e+000 -6.5849008e-003
 -3.2531097e+000 -7.9123385e-003
 -3.1280341e+000 -8.9344824e-003
 -3.0029705e+000 -1.2329822e-002
 -2.8781490e+000 -9.5130226e-003
 -2.7528753e+000 -1.3970987e-002
 -2.6281865e+000 -1.2272474e-002
 -2.5029304e+000 -1.6853568e-002
 -2.3780606e+000 -1.4876748e-002
 -2.2528704e+000 -1.7324159e-002
 -2.1278026e+000 -1.6022022e-002
 -2.0029360e+000 -1.8135464e-002
 -1.8781004e+000 -1.7889205e-002
 -1.7528254e+000 -1.8172572e-002
 -1.6279218e+000 -1.8631356e-002
 -1.5028987e+000 -1.4337002e-002
 -1.3779885e+000 -1.0614442e-002
 -1.2530067e+000 -1.2758245e-002
 -1.1278223e+000 -1.5549744e-002
 -1.0028451e+000 -1.1270570e-002
 -8.7781911e-001 -1.4310015e-002
 -7.5291734e-001 -1.1521890e-002
 -6.2789684e-001 -1.0192765e-002
 -5.0322555e-001 -1.1761402e-002
 -3.7792820e-001 -1.2442831e-002
 -2.5313664e-001 -1.1731041e-002
 -1.2780088e-001 -1.1263824e-002
  0.0000000e+000 -1.4170018e-002
  1.2210714e-001 -1.1791763e-002
  2.4713364e-001 -1.6718631e-002
  3.7206684e-001 -1.3299678e-002
  4.9716053e-001 -1.7737402e-002
  6.2195600e-001 -1.6011901e-002
  7.4707637e-001 -1.6352616e-002
  8.7217747e-001 -1.4704704e-002
  9.9702616e-001 -1.5809497e-002
  1.1220432e+000 -1.8265341e-002
  1.2470593e+000  2.6137198e-002
  1.3721391e+000  2.2712679e-001
  1.4969840e+000  5.7686699e-001
  1.6221796e+000  6.1511812e-001
  1.7472332e+000  6.6472752e-001
  1.8722069e+000  6.9611374e-001
  1.9971693e+000  7.1238203e-001
  2.1220312e+000  7.2080206e-001
  2.2469952e+000  6.9046159e-001
  2.3722419e+000  6.9365115e-001
  2.4971777e+000  6.9826598e-001
  2.6219807e+000  7.2410463e-001
  2.7472623e+000  7.1626314e-001
  2.8721708e+000  7.2701757e-001
  2.9971149e+000  7.2232178e-001
  3.1221968e+000  7.3801490e-001
  3.2471705e+000  7.5151023e-001
  3.3721632e+000  7.4804068e-001
  3.4972280e+000  7.5531376e-001
  3.6220718e+000  7.5063315e-001
  3.7471599e+000  7.5492919e-001
  3.8722737e+000  7.6335935e-001
  3.9973138e+000  7.7292466e-001
  4.1222701e+000  7.7813995e-001
  4.2470969e+000  7.9060808e-001
  4.3720566e+000  8.1414944e-001
  4.4971195e+000  8.3020520e-001
  4.6222769e+000  8.4580723e-001
  4.7472148e+000  8.8529133e-001
  4.8721483e+000  9.0711056e-001
  4.9970045e+000  9.2642166e-001
  5.1220988e+000  9.5300584e-001
  5.2470811e+000  9.3349571e-001
  5.3721484e+000  9.5942544e-001
  5.4971271e+000  9.6353088e-001
  5.6221682e+000  9.6983073e-001
  5.7469977e+000  9.9685682e-001
  5.8720962e+000  1.0078002e+000
  5.9970780e+000  1.0009167e+000
  6.1220950e+000  9.9042710e-001
  6.2470610e+000  1.0124285e+000
  6.3722273e+000  9.9143238e-001
  6.4972959e+000  9.8244729e-001
  6.6224615e+000  9.7156635e-001
  6.7471721e+000  9.7421617e-001
  6.8723135e+000  9.7868931e-001
  6.9973495e+000  9.8416942e-001
  7.1222936e+000  9.8741970e-001
  7.2472719e+000  9.8882473e-001
  7.3723216e+000  9.8336992e-001
  7.4972034e+000  9.8400244e-001
  7.6221841e+000  9.8444267e-001
  7.7471716e+000  9.7919870e-001
  7.8722465e+000  9.6861462e-001
  7.9972883e+000  9.6580625e-001
  8.1224533e+000  9.6492579e-001
  8.2473126e+000  9.6319186e-001
  8.3723356e+000  9.5907123e-001
  8.4972126e+000  9.6004783e-001
  8.6223642e+000  9.5730188e-001
  8.7478835e+000  9.6413304e-001
  8.8726883e+000  9.6313788e-001
  8.9975558e+000  9.6627853e-001
  9.1222640e+000  9.6430002e-001
  9.2472929e+000  9.6885581e-001
  9.3721691e+000  9.6985603e-001
  9.4972480e+000  9.6808162e-001
  9.6221345e+000  9.6919990e-001
  9.7470906e+000  9.6755030e-001
  9.8721546e+000  9.6722646e-001
  9.9970193e+000  9.6156081e-001
  1.0122198e+001  9.6470652e-001
  1.0247093e+001  9.6396268e-001
  1.0372144e+001  9.6555999e-001
  1.0497125e+001  9.6628359e-001
  1.0622453e+001  9.6716573e-001
  1.0747132e+001  9.6779656e-001
  1.0872373e+001  9.6465254e-001
  1.0997363e+001  9.6939387e-001
  1.1122289e+001  9.6666984e-001
  1.1247281e+001  9.6985097e-001
  1.1372343e+001  9.6750982e-001
  1.1497305e+001  9.6985603e-001
  1.1622255e+001  9.6692960e-001
  1.1747075e+001  9.6854546e-001
  1.1872576e+001  9.6851173e-001
  1.1997494e+001  9.7039578e-001
  1.2122324e+001  9.7182610e-001
  1.2247265e+001  9.7211790e-001
  1.2372352e+001  9.7560433e-001
  1.2497312e+001  9.7315017e-001
  1.2622200e+001  9.7538674e-001
  1.2747379e+001  9.7586239e-001
  1.2872225e+001  9.7820017e-001
  1.2997153e+001  9.7500048e-001
  1.3122219e+001  9.7668044e-001
  1.3247158e+001  9.7871293e-001
  1.3372205e+001  9.7846498e-001
  1.3497263e+001  9.8278463e-001
  1.3622199e+001  9.8231573e-001
  1.3747258e+001  9.8768958e-001
  1.3872226e+001  9.8537035e-001
  1.3997113e+001  9.8554409e-001
  1.4122176e+001  9.8428074e-001
  1.4247087e+001  9.8404798e-001
  1.4372300e+001  9.8386750e-001
  1.4497358e+001  9.8111142e-001
  1.4622407e+001  9.8314728e-001
  1.4747323e+001  9.8011120e-001
  1.4872261e+001  9.8364654e-001
  1.4997172e+001  9.8126491e-001
  1.5122155e+001  9.8404798e-001
  1.5247043e+001  9.8180128e-001
  1.5372231e+001  9.8485422e-001
  1.5497138e+001  9.8362967e-001
  1.5622330e+001  9.8532650e-001
  1.5747336e+001  9.8575998e-001
  1.5872419e+001  9.8390629e-001
  1.5997257e+001  9.8669948e-001
  1.6122320e+001  9.8505157e-001
  1.6247281e+001  9.8961748e-001
  1.6372333e+001  9.8677707e-001
  1.6497624e+001  9.8961242e-001
  1.6622224e+001  9.8638238e-001
  1.6747317e+001  9.8963266e-001
  1.6872278e+001  9.8839462e-001
  1.6997060e+001  9.8930881e-001
  1.7122226e+001  9.9102419e-001
  1.7247260e+001  9.8969676e-001
  1.7372173e+001  9.9241404e-001
  1.7497175e+001  9.9026349e-001
  1.7622203e+001  9.9439086e-001
  1.7747118e+001  9.9281210e-001
  1.7872303e+001  9.9289475e-001
  1.7997219e+001  9.9072902e-001
  1.8122293e+001  9.9027867e-001
  1.8247398e+001  9.9281548e-001
  1.8372351e+001  9.9228079e-001
  1.8497319e+001  9.9574697e-001
  1.8622427e+001  9.9306005e-001
  1.8747306e+001  9.9670671e-001
  1.8872199e+001  9.9366558e-001
  1.8997110e+001  9.9798523e-001
  1.9122374e+001  9.9668984e-001
  1.9247448e+001  9.9933459e-001
  1.9372382e+001  9.9869196e-001
  1.9497323e+001  9.9646888e-001
  1.9622586e+001  9.9805944e-001
  1.9747422e+001  9.9557661e-001
  1.9872627e+001  9.9914906e-001
  1.9997408e+001  9.9578239e-001
  2.0122400e+001  9.9998060e-001
  2.0247331e+001  9.9617371e-001
  2.0372239e+001  9.9947796e-001
  2.0497656e+001  9.9673707e-001
  2.0622944e+001  9.9856714e-001
  2.0747464e+001  9.9813703e-001
  2.0872806e+001  9.9719922e-001
  2.0997634e+001  1.0001510e+000
  2.1123513e+001  9.9893991e-001
  2.1247641e+001  1.0019406e+000
  2.1373128e+001  9.9959097e-001
  2.1497336e+001  1.0012760e+000
  2.1622275e+001  1.0000683e+000
  2.1747052e+001  1.0014902e+000
  2.1872470e+001  1.0010230e+000
  2.1997408e+001  1.0012406e+000
  2.2122723e+001  1.0027198e+000
  2.2247537e+001  1.0014413e+000
