 -2.7496495e+000  0.0000000e+000
 -2.6244383e+000 -4.7548250e-003
 -2.5000566e+000  9.3667671e-004
 -2.3749390e+000 -4.1455882e-003
 -2.2499596e+000  1.2720546e-003
 -2.1250737e+000 -2.7048524e-003
 -2.0001292e+000 -2.4131332e-003
 -1.8750020e+000 -1.1033734e-003
 -1.7499012e+000 -9.7239743e-004
 -1.6249843e+000 -2.7782784e-005
 -1.5000275e+000 -7.0647650e-004
 -1.3749929e+000  2.2662814e-003
 -1.2500890e+000  2.4012263e-004
 -1.1253397e+000  8.7912666e-004
 -1.0002511e+000 -9.5255259e-004
 -8.7497308e-001  3.4530031e-003
 -7.4999476e-001  1.3692943e-003
 -6.2502595e-001  2.0638639e-003
 -5.0019360e-001  1.8554931e-003
 -3.7507728e-001  1.5657583e-003
 -2.4983888e-001  2.7385887e-003
 -1.2493222e-001  1.3851702e-003
  0.0000000e+000  6.6777905e-003
  1.2496365e-001  3.1037338e-003
  2.4971596e-001  6.8226579e-003
  3.7484806e-001  1.0716217e-003
  5.0004302e-001  4.8500803e-003
  6.2518560e-001  4.5166868e-003
  7.5008039e-001  5.8641519e-003
  8.7487558e-001  7.2870273e-003
  9.9986884e-001  2.3968604e-002
  1.1245889e+000  3.4071417e-001
  1.2502007e+000  5.6381191e-001
  1.3750669e+000  1.8072721e+000
  1.5312990e+000  1.8852524e+000
  1.6562569e+000  2.2205588e+000
  1.7813900e+000  2.4107895e+000
  1.9062004e+000  2.6183785e+000
  2.0312714e+000  2.5202497e+000
  2.1562528e+000  2.3917107e+000
  2.2811505e+000  2.3288998e+000
  2.4062519e+000  2.1740723e+000
  2.5313304e+000  2.0499725e+000
  2.6563519e+000  2.0137795e+000
  2.7813028e+000  1.9582755e+000
  2.9063748e+000  1.8270038e+000
  3.0313220e+000  1.7385474e+000
  3.1563908e+000  1.5555402e+000
  3.2813779e+000  1.3834020e+000
  3.4063542e+000  1.2031116e+000
  3.5312622e+000  1.1969339e+000
  3.6558954e+000  1.1582920e+000
  3.7813430e+000  1.1379650e+000
  3.9060453e+000  1.0918396e+000
  4.0310674e+000  1.0870768e+000
  4.1561833e+000  1.0711831e+000
  4.2810924e+000  1.0373258e+000
  4.4062988e+000  9.9839616e-001
  4.5312457e+000  9.6679920e-001
  4.6560588e+000  9.4902814e-001
  4.7811003e+000  9.4921071e-001
  4.9065580e+000  9.4826808e-001
  5.0313108e+000  9.4490835e-001
  5.1563516e+000  9.8022424e-001
  5.2812871e+000  9.6429280e-001
  5.4063201e+000  9.4721432e-001
  5.5312934e+000  9.3921090e-001
  5.6561725e+000  9.3061014e-001
  5.7815259e+000  9.4228685e-001
  5.9062625e+000  9.4380498e-001
  6.0313375e+000  9.6125257e-001
  6.1563067e+000  9.6032780e-001
  6.2811327e+000  9.8160544e-001
  6.4062817e+000  9.7760075e-001
  6.5309743e+000  9.8295886e-001
  6.6564137e+000  9.8704094e-001
  6.7811986e+000  9.7949792e-001
  6.9061931e+000  9.9049395e-001
  7.0312836e+000  9.9446292e-001
  7.1562732e+000  1.0042008e+000
  7.2813272e+000  1.0000969e+000
  7.4061913e+000  1.0072906e+000
  7.5313124e+000  1.0061237e+000
  7.6563530e+000  1.0127162e+000
  7.7811577e+000  1.0235535e+000
  7.9060804e+000  1.0138196e+000
  8.0311175e+000  1.0152286e+000
  8.1560955e+000  1.0069156e+000
  8.2813929e+000  9.9772541e-001
  8.4062361e+000  9.9252209e-001
  8.5312051e+000  1.0015773e+000
  8.6562113e+000  1.0065841e+000
  8.7812071e+000  1.0086817e+000
  8.9060457e+000  1.0090390e+000
  9.0311066e+000  1.0006744e+000
  9.1562028e+000  1.0006089e+000
  9.2813497e+000  1.0016864e+000
  9.4063617e+000  9.9691971e-001
  9.5311418e+000  9.9401641e-001
  9.6562028e+000  1.0009383e+000
  9.7813344e+000  1.0044846e+000
  9.9065102e+000  1.0153377e+000
  1.0031200e+001  1.0152782e+000
  1.0156405e+001  1.0105948e+000
  1.0281329e+001  1.0163300e+000
  1.0406566e+001  1.0108925e+000
  1.0531243e+001  1.0126467e+000
  1.0656188e+001  1.0081043e+000
  1.0781556e+001  1.0126864e+000
  1.0906234e+001  9.9867201e-001
  1.1031055e+001  1.0006386e+000
  1.1156219e+001  1.0022044e+000
  1.1281099e+001  1.0043992e+000
  1.1406214e+001  1.0009958e+000
  1.1531235e+001  1.0038257e+000
  1.1656393e+001  9.9673317e-001
  1.1781401e+001  9.9018040e-001
  1.1906434e+001  9.9143856e-001
  1.2031371e+001  9.8752119e-001
  1.2155873e+001  9.8820385e-001
  1.2281063e+001  9.9102182e-001
  1.2406259e+001  1.0008966e+000
  1.2531313e+001  9.9563178e-001
  1.2656496e+001  1.0014106e+000
  1.2781315e+001  1.0014304e+000
  1.2906302e+001  1.0003707e+000
  1.3031349e+001  9.9944199e-001
  1.3156478e+001  9.9657838e-001
  1.3282034e+001  1.0045143e+000
  1.3406837e+001  9.9919988e-001
  1.3531535e+001  1.0050224e+000
  1.3656513e+001  9.9921774e-001
  1.3781225e+001  1.0021468e+000
  1.3906333e+001  9.9733050e-001
  1.4031284e+001  9.9750712e-001
  1.4156352e+001  9.9878711e-001
  1.4281474e+001  9.9539562e-001
  1.4406473e+001  1.0012876e+000
  1.4531256e+001  9.9581832e-001
  1.4656580e+001  1.0059511e+000
