 -2.8746845e+000  0.0000000e+000
 -2.7497000e+000  2.4847293e-003
 -2.6249040e+000 -1.6903249e-003
 -2.5001449e+000  1.0989529e-003
 -2.3751408e+000 -5.5914465e-004
 -2.2499860e+000  2.6668138e-003
 -2.1249568e+000  7.5734290e-004
 -1.9999440e+000 -2.0464372e-004
 -1.8754931e+000  4.2701249e-004
 -1.7500735e+000 -4.0767607e-004
 -1.6251166e+000  7.6056564e-004
 -1.5000496e+000 -6.3487894e-004
 -1.3749601e+000  2.9890874e-003
 -1.2500559e+000 -4.1573291e-004
 -1.1249740e+000  2.3332607e-003
 -1.0000844e+000 -9.8937988e-004
 -8.7511024e-001  2.3558198e-003
 -7.4991277e-001  1.5501359e-003
 -6.2489045e-001  6.4229124e-003
 -4.9989524e-001  2.0125985e-003
 -3.7510284e-001  1.5565814e-003
 -2.4985452e-001  3.1663379e-003
 -1.2515627e-001 -1.9980962e-004
  0.0000000e+000  3.5820708e-003
  1.2495960e-001 -1.3696627e-004
  2.4988385e-001  3.9784673e-003
  3.7492740e-001  3.6094640e-004
  4.9998701e-001  1.9094709e-003
  6.2488221e-001  2.0802759e-003
  7.4987757e-001  2.1286170e-003
  8.7497978e-001  3.8833966e-003
  1.0001259e+000  5.1724909e-004
  1.1247642e+000  4.5392233e-003
  1.2499110e+000 -5.9620611e-005
  1.3747187e+000  2.9278554e-003
  1.4998736e+000  2.3010333e-003
  1.6248709e+000  6.0587432e-003
  1.7496929e+000  1.4369534e-001
  1.8749180e+000  2.1435221e-001
  1.9999799e+000  3.1907179e-001
  2.1248402e+000  5.0720543e-001
  2.2497390e+000  6.1276292e-001
  2.3748134e+000  6.7841327e-001
  2.4998686e+000  6.8801058e-001
  2.6248752e+000  6.7291851e-001
  2.7500328e+000  6.7314732e-001
  2.8749137e+000  7.2093566e-001
  3.0001485e+000  7.6816324e-001
  3.1249859e+000  8.1818654e-001
  3.2500965e+000  8.2482216e-001
  3.3750706e+000  9.2212460e-001
  3.5000253e+000  9.5560400e-001
  3.6249254e+000  9.6330311e-001
  3.7500343e+000  1.0087082e+000
  3.8746065e+000  9.9762364e-001
  3.9998850e+000  1.0102116e+000
  4.1250134e+000  9.9293294e-001
  4.2496189e+000  9.5963564e-001
  4.3746883e+000  9.2389066e-001
  4.5000191e+000  8.9953645e-001
  4.6250782e+000  9.0509406e-001
  4.7497707e+000  9.0606571e-001
  4.8749095e+000  9.0847310e-001
  5.0000197e+000  8.8799422e-001
  5.1255333e+000  8.8462324e-001
  5.2504662e+000  8.9877911e-001
  5.3754627e+000  9.0135407e-001
  5.5005843e+000  9.0677955e-001
  5.6253393e+000  9.3168002e-001
  5.7503227e+000  9.5573129e-001
  5.8760106e+000  9.7055427e-001
  6.0005290e+000  9.8567051e-001
  6.1254805e+000  9.9283626e-001
  6.2506490e+000  9.9931718e-001
  6.3753692e+000  1.0047507e+000
  6.5000024e+000  1.0319828e+000
  6.6253439e+000  1.0346577e+000
  6.7503078e+000  1.0351572e+000
  6.8750865e+000  1.0391937e+000
  7.0001499e+000  1.0373503e+000
  7.1253158e+000  1.0408035e+000
  7.2499900e+000  1.0496048e+000
  7.3761299e+000  1.0493534e+000
  7.5002725e+000  1.0396239e+000
  7.6251026e+000  1.0172662e+000
  7.7498056e+000  1.0146945e+000
  7.8747851e+000  1.0144898e+000
  8.0006572e+000  1.0129187e+000
  8.1259308e+000  1.0127657e+000
  8.2511442e+000  1.0049602e+000
  8.3754667e+000  1.0056192e+000
  8.5002467e+000  1.0072209e+000
  8.6250540e+000  1.0165604e+000
  8.7499580e+000  1.0136261e+000
  8.8751230e+000  1.0218618e+000
  8.9998519e+000  1.0154228e+000
  9.1248614e+000  1.0127222e+000
  9.2500755e+000  1.0138211e+000
  9.3751967e+000  1.0130912e+000
  9.5001328e+000  1.0167570e+000
  9.6251022e+000  1.0163993e+000
  9.7502899e+000  1.0208338e+000
  9.8747999e+000  1.0187616e+000
  9.9998792e+000  1.0244722e+000
  1.0124972e+001  1.0186423e+000
  1.0250068e+001  1.0249927e+000
  1.0375110e+001  1.0164686e+000
  1.0500044e+001  1.0218618e+000
  1.0625099e+001  1.0238889e+000
  1.0750062e+001  1.0244626e+000
  1.0875198e+001  1.0243562e+000
  1.1000234e+001  1.0217539e+000
  1.1125074e+001  1.0263366e+000
  1.1250079e+001  1.0262979e+000
  1.1375158e+001  1.0283266e+000
  1.1500013e+001  1.0268651e+000
  1.1625023e+001  1.0274033e+000
  1.1750171e+001  1.0254197e+000
  1.1875187e+001  1.0222051e+000
  1.2000658e+001  1.0225080e+000
  1.2125095e+001  1.0177947e+000
  1.2249991e+001  1.0142304e+000
  1.2375114e+001  1.0156597e+000
  1.2499783e+001  1.0216975e+000
  1.2625106e+001  1.0159771e+000
  1.2750184e+001  1.0163590e+000
  1.2875150e+001  1.0111430e+000
  1.3000213e+001  1.0152246e+000
  1.3125051e+001  1.0111607e+000
  1.3250160e+001  1.0088613e+000
  1.3375072e+001  1.0163510e+000
  1.3500155e+001  1.0107772e+000
  1.3625119e+001  1.0160851e+000
  1.3750184e+001  1.0154728e+000
  1.3874922e+001  1.0128430e+000
  1.4000161e+001  1.0133458e+000
  1.4125228e+001  1.0129542e+000
  1.4250079e+001  1.0108787e+000
  1.4374965e+001  1.0073080e+000
  1.4499860e+001  1.0094221e+000
  1.4625088e+001  1.0065458e+000
  1.4750283e+001  1.0095284e+000
  1.4875033e+001  1.0080492e+000
  1.5000204e+001  1.0115861e+000
  1.5125049e+001  1.0069954e+000
  1.5250373e+001  1.0095542e+000
  1.5375348e+001  1.0070356e+000
  1.5500286e+001  1.0027832e+000
  1.5625313e+001  1.0037339e+000
  1.5750389e+001  9.9823112e-001
  1.5875102e+001  9.9562876e-001
  1.6000384e+001  9.9332612e-001
  1.6125321e+001  9.9775416e-001
  1.6250444e+001  9.9658753e-001
  1.6375488e+001  9.9896429e-001
  1.6501220e+001  9.9814572e-001
  1.6625535e+001  1.0017149e+000
  1.6750628e+001  1.0007706e+000
  1.6875210e+001  1.0013072e+000
  1.7000519e+001  1.0039338e+000
  1.7125515e+001  9.9962657e-001
  1.7250236e+001  1.0029460e+000
  1.7375348e+001  1.0040304e+000
  1.7500078e+001  1.0040047e+000
  1.7625053e+001  9.9695814e-001
  1.7750048e+001  1.0013701e+000
  1.7875174e+001  9.9855984e-001
