 -3.5000839e+000  0.0000000e+000
 -3.3749076e+000 -4.5793508e-004
 -3.2496063e+000  4.9019869e-004
 -3.1252693e+000  5.7241886e-005
 -3.0003397e+000 -1.1510823e-003
 -2.8754023e+000 -8.2220163e-004
 -2.7501966e+000 -6.0364170e-003
 -2.6250776e+000 -4.3816062e-004
 -2.5003552e+000 -3.0119639e-003
 -2.3752998e+000  2.7663442e-003
 -2.2503225e+000  8.5446524e-004
 -2.1251451e+000  5.6492537e-003
 -2.0002382e+000  4.3181197e-003
 -1.8755364e+000  5.3422291e-003
 -1.7502576e+000  5.3120470e-003
 -1.6253177e+000  3.9694646e-003
 -1.5004199e+000  2.4385043e-003
 -1.3753668e+000  1.3394601e-003
 -1.2504106e+000  3.8112688e-003
 -1.1254056e+000  2.9391106e-003
 -1.0003682e+000  4.1942691e-003
 -8.7547635e-001  4.7989515e-003
 -7.5017356e-001  6.3548901e-003
 -6.2521019e-001  6.9335535e-003
 -5.0034152e-001  9.1493348e-003
 -3.7512351e-001  6.5255750e-003
 -2.5022985e-001  7.5038908e-003
 -1.2522416e-001  7.0022438e-003
  0.0000000e+000  6.8596594e-003
  1.2474057e-001  9.4168106e-003
  2.4972378e-001  9.5354574e-003
  3.7493857e-001  9.8279114e-003
  4.9957662e-001  7.6849833e-003
  6.2460410e-001  7.0355481e-003
  7.4973286e-001  8.7236634e-003
  8.7482110e-001  7.2509858e-003
  9.9974005e-001  6.1311263e-003
  1.1246538e+000  4.7000792e-003
  1.2497312e+000  7.9306031e-003
  1.3746342e+000  3.6859611e-002
  1.4996835e+000  1.2318454e-001
  1.6248759e+000  4.3744249e-001
  1.7496675e+000  8.1657735e-001
  1.8744980e+000  9.3262019e-001
  1.9996853e+000  1.1628627e+000
  2.1247645e+000  1.3996796e+000
  2.2809833e+000  1.4327675e+000
  2.4056993e+000  1.3907468e+000
  2.5310622e+000  1.3960442e+000
  2.6561879e+000  1.4800753e+000
  2.7810938e+000  1.5232305e+000
  2.9059062e+000  1.4534277e+000
  3.0310873e+000  1.3835343e+000
  3.1559134e+000  1.2496892e+000
  3.2811373e+000  1.2349562e+000
  3.4057949e+000  1.2781072e+000
  3.5309267e+000  1.2944389e+000
  3.6560130e+000  1.3137013e+000
  3.7810678e+000  1.3289973e+000
  3.9061377e+000  1.3247344e+000
  4.0310669e+000  1.3016045e+000
  4.1560429e+000  1.2842425e+000
  4.2811070e+000  1.2499983e+000
  4.4060586e+000  1.2189514e+000
  4.5310379e+000  1.2011721e+000
  4.6560161e+000  1.1871020e+000
  4.7809817e+000  1.1776467e+000
  4.9061963e+000  1.1686118e+000
  5.0309749e+000  1.1526851e+000
  5.1561627e+000  1.1623267e+000
  5.2815359e+000  1.1641522e+000
  5.4057905e+000  1.1541296e+000
  5.5309506e+000  1.1244305e+000
  5.6560479e+000  1.1169651e+000
  5.7810273e+000  1.1118882e+000
  5.9059619e+000  1.1016721e+000
  6.0308429e+000  1.0853436e+000
  6.1556631e+000  1.0677485e+000
  6.2811366e+000  1.0606505e+000
  6.4058352e+000  1.0657804e+000
  6.5308950e+000  1.0638873e+000
  6.6559933e+000  1.0605881e+000
  6.7810283e+000  1.0515886e+000
  6.9062222e+000  1.0500347e+000
  7.0310742e+000  1.0507310e+000
  7.1561088e+000  1.0459289e+000
  7.2810414e+000  1.0407636e+000
  7.4060547e+000  1.0294110e+000
  7.5311541e+000  1.0321794e+000
  7.6561238e+000  1.0286461e+000
  7.7810180e+000  1.0274637e+000
  7.9061011e+000  1.0272733e+000
  8.0311468e+000  1.0257767e+000
  8.1561387e+000  1.0285139e+000
  8.2808283e+000  1.0245860e+000
  8.4061283e+000  1.0227710e+000
  8.5310363e+000  1.0199245e+000
  8.6559540e+000  1.0209090e+000
  8.7809249e+000  1.0215210e+000
  8.9060762e+000  1.0218010e+000
  9.0311225e+000  1.0206957e+000
  9.1561239e+000  1.0217781e+000
  9.2817706e+000  1.0186589e+000
  9.4060854e+000  1.0218468e+000
  9.5308617e+000  1.0188795e+000
  9.6563424e+000  1.0163089e+000
  9.7812212e+000  1.0157011e+000
  9.9061615e+000  1.0106919e+000
  1.0031163e+001  1.0121687e+000
  1.0156144e+001  1.0073906e+000
  1.0281019e+001  1.0093077e+000
  1.0406033e+001  1.0085167e+000
  1.0531077e+001  1.0071564e+000
  1.0656086e+001  1.0074874e+000
  1.0781153e+001  1.0023575e+000
  1.0906016e+001  1.0038863e+000
  1.1031283e+001  1.0027415e+000
  1.1156078e+001  1.0016539e+000
  1.1281118e+001  1.0003863e+000
  1.1406023e+001  1.0024896e+000
  1.1531169e+001  9.9903014e-001
  1.1656054e+001  1.0010617e+000
  1.1781056e+001  1.0002686e+000
  1.1905906e+001  9.9792381e-001
  1.2031146e+001  1.0014166e+000
  1.2156090e+001  9.9758348e-001
  1.2281160e+001  9.9839424e-001
  1.2405951e+001  9.9808305e-001
  1.2530932e+001  1.0000699e+000
  1.2656006e+001  9.9828496e-001
  1.2781055e+001  1.0018621e+000
  1.2906118e+001  1.0019235e+000
  1.3030933e+001  9.9921331e-001
  1.3156023e+001  1.0018090e+000
  1.3280950e+001  1.0006652e+000
  1.3406086e+001  1.0005080e+000
  1.3531005e+001  9.9970768e-001
  1.3656235e+001  9.9930074e-001
  1.3781155e+001  9.9635746e-001
  1.3905792e+001  9.9885946e-001
  1.4030966e+001  9.9963586e-001
  1.4156061e+001  9.9988044e-001
  1.4281071e+001  1.0002957e+000
  1.4406160e+001  1.0012699e+000
  1.4530968e+001  9.9904575e-001
  1.4655993e+001  9.9674775e-001
  1.4780989e+001  1.0019557e+000
  1.4906070e+001  9.9895104e-001
  1.5030906e+001  1.0006204e+000
  1.5155910e+001  1.0035564e+000
  1.5280715e+001  1.0040164e+000
  1.5406417e+001  1.0000199e+000
  1.5531460e+001  9.9976908e-001
  1.5656414e+001  1.0012709e+000
  1.5781222e+001  9.9808617e-001
  1.5906781e+001  9.9837134e-001
  1.6031337e+001  9.9713283e-001
  1.6156358e+001  9.9889068e-001
