 -2.7506517e+000  0.0000000e+000
 -2.6258321e+000 -7.7388770e-004
 -2.5010992e+000 -1.9558518e-003
 -2.3763428e+000 -2.1657196e-003
 -2.2509663e+000  2.6466668e-003
 -2.1259311e+000  2.9439796e-004
 -2.0010114e+000  5.6912081e-003
 -1.8760481e+000  1.7591007e-003
 -1.7512360e+000  5.4507345e-003
 -1.6261536e+000  1.9208738e-003
 -1.5010635e+000  5.1505069e-003
 -1.3760024e+000  3.6260501e-003
 -1.2509642e+000  3.4977975e-003
 -1.1259628e+000  3.7426434e-003
 -1.0010194e+000  1.3335353e-003
 -8.7591789e-001  3.5152865e-003
 -7.5103987e-001  2.6889318e-003
 -6.2598612e-001  4.9872763e-003
 -5.0107919e-001  1.3772578e-003
 -3.7605785e-001  3.6071037e-003
 -2.5097184e-001  1.9325331e-003
 -1.2608949e-001  4.1478049e-003
  0.0000000e+000  3.4059803e-003
  1.2405725e-001  4.7599195e-003
  2.4879000e-001  5.6285392e-003
  3.7392350e-001  5.6547727e-004
  4.9923510e-001  6.3820231e-003
  6.2407638e-001  2.4018210e-003
  7.4925361e-001  6.6326986e-003
  8.7407631e-001  4.4698938e-003
  9.9875473e-001  7.1238476e-003
  1.1238692e+000  2.7983838e-002
  1.2489226e+000  1.2656780e-001
  1.3739506e+000  5.4071578e-001
  1.4989912e+000  8.8886614e-001
  1.6240188e+000  1.0979135e+000
  1.7646209e+000  1.4788207e+000
  1.8899049e+000  2.2922175e+000
  2.0457333e+000  2.6933056e+000
  2.1710501e+000  2.2743073e+000
  2.2959703e+000  2.2512116e+000
  2.4208422e+000  1.9801250e+000
  2.5459677e+000  1.4418636e+000
  2.6710596e+000  1.1423909e+000
  2.7957740e+000  1.0368463e+000
  2.9207744e+000  1.0784380e+000
  3.0458702e+000  1.0999859e+000
  3.1712254e+000  1.0850853e+000
  3.2959084e+000  1.0805586e+000
  3.4207394e+000  1.0668778e+000
  3.5459859e+000  1.0729173e+000
  3.6712194e+000  1.0881502e+000
  3.7957947e+000  1.0678455e+000
  3.9209071e+000  1.0746400e+000
  4.0461423e+000  1.0447090e+000
  4.1707994e+000  1.0479591e+000
  4.2957989e+000  1.0051067e+000
  4.4211359e+000  1.0059054e+000
  4.5465210e+000  1.0166582e+000
  4.6711121e+000  1.0076091e+000
  4.7960406e+000  1.0067740e+000
  4.9211090e+000  1.0057669e+000
  5.0460160e+000  9.9386127e-001
  5.1708621e+000  9.6979351e-001
  5.2958150e+000  9.5534761e-001
  5.4209739e+000  9.4727644e-001
  5.5460665e+000  9.3964250e-001
  5.6713275e+000  9.3882926e-001
  5.7961051e+000  9.3714594e-001
  5.9208317e+000  9.4443448e-001
  6.0459878e+000  9.4334142e-001
  6.1709342e+000  9.4933431e-001
  6.2960270e+000  9.5608652e-001
  6.4212665e+000  9.6274982e-001
  6.5459855e+000  9.6355869e-001
  6.6711616e+000  9.6669796e-001
  6.7959417e+000  9.7564941e-001
  6.9208352e+000  9.7585636e-001
  7.0459609e+000  9.8095440e-001
  7.1710013e+000  9.8410533e-001
  7.2960033e+000  9.9091729e-001
  7.4210151e+000  9.9209634e-001
  7.5461242e+000  9.9691747e-001
  7.6713119e+000  9.9606343e-001
  7.7960010e+000  9.9647734e-001
  7.9210671e+000  9.9787062e-001
  8.0461306e+000  9.9908319e-001
  8.1709128e+000  1.0034001e+000
  8.2961234e+000  1.0050513e+000
  8.4210933e+000  1.0095504e+000
  8.5458033e+000  1.0116213e+000
  8.6709733e+000  1.0141310e+000
  8.7958139e+000  1.0152139e+000
  8.9209911e+000  1.0179567e+000
  9.0460800e+000  1.0205378e+000
  9.1707406e+000  1.0193252e+000
  9.2958580e+000  1.0164702e+000
  9.4210528e+000  1.0128689e+000
  9.5460818e+000  1.0157356e+000
  9.6711908e+000  1.0152241e+000
  9.7960485e+000  1.0174423e+000
  9.9209275e+000  1.0128397e+000
  1.0045936e+001  1.0171522e+000
  1.0170908e+001  1.0133659e+000
  1.0296069e+001  1.0149064e+000
  1.0421289e+001  9.9851917e-001
  1.0546087e+001  1.0012518e+000
  1.0671233e+001  1.0096203e+000
  1.0796076e+001  1.0128412e+000
  1.0920980e+001  1.0145114e+000
  1.1046150e+001  1.0118545e+000
  1.1171074e+001  1.0137054e+000
  1.1296067e+001  1.0092764e+000
  1.1420967e+001  1.0035021e+000
  1.1545966e+001  9.9945338e-001
  1.1670940e+001  9.9619460e-001
  1.1795838e+001  9.9280173e-001
  1.1920915e+001  9.8725189e-001
  1.2046082e+001  9.9039700e-001
  1.2170921e+001  9.9549212e-001
  1.2296153e+001  1.0000057e+000
  1.2421203e+001  9.9646859e-001
  1.2545995e+001  1.0010070e+000
  1.2671356e+001  9.9803531e-001
  1.2796024e+001  1.0004182e+000
  1.2921010e+001  9.9911963e-001
  1.3046091e+001  9.9629516e-001
  1.3170970e+001  9.9802948e-001
  1.3295934e+001  9.9951167e-001
  1.3420821e+001  1.0014355e+000
  1.3545933e+001  9.9451711e-001
  1.3671047e+001  9.9813879e-001
  1.3795886e+001  9.9529246e-001
  1.3921014e+001  9.9794641e-001
  1.4046005e+001  9.9784148e-001
  1.4171121e+001  9.9956851e-001
  1.4296079e+001  9.9911963e-001
  1.4420909e+001  9.9942569e-001
  1.4546254e+001  1.0009778e+000
  1.4671127e+001  1.0008948e+000
  1.4812070e+001  1.0025664e+000
  1.4937105e+001  1.0006980e+000
  1.5061703e+001  1.0039976e+000
  1.5186660e+001  1.0018129e+000
  1.5311801e+001  1.0057669e+000
