 -3.2496738e+000  0.0000000e+000
 -3.1245135e+000  2.5543023e-003
 -2.9993643e+000  2.1732217e-003
 -2.8748405e+000  3.1406710e-003
 -2.7499934e+000 -3.8650783e-003
 -2.6248740e+000  6.3875256e-003
 -2.5000637e+000 -2.1508052e-003
 -2.3752814e+000  1.7626456e-003
 -2.2501107e+000 -4.3134085e-003
 -2.1250857e+000  1.2187503e-003
 -2.0001717e+000  4.9552286e-005
 -1.8751597e+000  1.7543869e-003
 -1.7503181e+000  1.0099228e-003
 -1.6250412e+000 -1.2824603e-003
 -1.5001048e+000  3.1796050e-003
 -1.3749213e+000 -3.1654472e-003
 -1.2501307e+000  1.4535337e-003
 -1.1252159e+000 -9.4385306e-005
 -9.9989077e-001  1.9089428e-003
 -8.7503719e-001 -1.9419777e-003
 -7.5019828e-001 -3.7164214e-004
 -6.2523114e-001 -3.0675224e-005
 -4.9993742e-001 -5.4035588e-004
 -3.7507518e-001 -1.3296530e-003
 -2.5001306e-001 -3.5276508e-003
 -1.2504508e-001  1.0358787e-003
  0.0000000e+000 -4.4349296e-003
  1.2497007e-001 -4.7192653e-005
  2.5003303e-001 -4.1966067e-003
  3.7498579e-001 -3.9924984e-003
  5.0001453e-001 -7.8363400e-003
  6.2500793e-001 -2.9495408e-004
  7.4997563e-001 -2.5790785e-003
  8.7486091e-001 -5.6513202e-003
  9.9978531e-001 -1.1040721e-002
  1.1247984e+000  4.7593790e-002
  1.2498452e+000  9.5450680e-001
  1.4061139e+000  2.3313819e+000
  1.5625997e+000  2.3313819e+000
  1.6879902e+000  2.3313819e+000
  1.8124114e+000  2.3313819e+000
  1.9374746e+000  2.3313819e+000
  2.0624926e+000  2.3313819e+000
  2.1873882e+000  2.3311011e+000
  2.3127198e+000  2.2560212e+000
  2.4372899e+000  2.2763777e+000
  2.5628465e+000  2.2849408e+000
  2.6873853e+000  2.1911148e+000
  2.8122827e+000  2.0946931e+000
  2.9375479e+000  1.8472703e+000
  3.0624089e+000  1.7305593e+000
  3.1876190e+000  1.6714387e+000
  3.3126425e+000  1.6061984e+000
  3.4374596e+000  1.4329860e+000
  3.5623818e+000  1.3491058e+000
  3.6873794e+000  1.3103205e+000
  3.8124104e+000  1.2856187e+000
  3.9373138e+000  1.2628353e+000
  4.0622840e+000  1.2636305e+000
  4.1876468e+000  1.1774296e+000
  4.3126709e+000  1.1072859e+000
  4.4374545e+000  1.0454046e+000
  4.5623825e+000  1.0322166e+000
  4.6875255e+000  1.0060164e+000
  4.8124168e+000  1.0111769e+000
  4.9375542e+000  9.9390794e-001
  5.0624423e+000  1.0050997e+000
  5.1876508e+000  1.0018174e+000
  5.3125137e+000  9.9603397e-001
  5.4376461e+000  1.0091759e+000
  5.5624774e+000  9.9376637e-001
  5.6876611e+000  9.9966781e-001
  5.8124133e+000  9.9503703e-001
  5.9373957e+000  1.0128593e+000
  6.0625401e+000  9.9422178e-001
  6.1876903e+000  9.9582633e-001
  6.3126200e+000  9.9359057e-001
  6.4374099e+000  9.9249806e-001
  6.5624814e+000  9.9252638e-001
  6.6875839e+000  9.8787672e-001
  6.8126962e+000  1.0146963e+000
  6.9372001e+000  1.0079029e+000
  7.0627566e+000  1.0188103e+000
  7.1873533e+000  1.0083631e+000
  7.3124644e+000  1.0208691e+000
  7.4372683e+000  1.0055008e+000
  7.5628016e+000  1.0183939e+000
  7.6874963e+000  1.0101151e+000
  7.8124242e+000  1.0011615e+000
  7.9375281e+000  1.0112973e+000
  8.0623773e+000  9.9993209e-001
  8.1876637e+000  1.0198014e+000
  8.3127769e+000  1.0144415e+000
  8.4375683e+000  1.0189142e+000
  8.5627847e+000  1.0152827e+000
  8.6875940e+000  1.0126824e+000
  8.8125024e+000  1.0225857e+000
  8.9374143e+000  1.0239944e+000
  9.0624644e+000  1.0159693e+000
  9.1876145e+000  1.0176824e+000
  9.3125846e+000  1.0238599e+000
  9.4377607e+000  1.0057096e+000
  9.5624595e+000  1.0228217e+000
  9.6877018e+000  1.0026881e+000
  9.8124806e+000  1.0206166e+000
  9.9375077e+000  1.0177473e+000
  1.0062469e+001  1.0098567e+000
  1.0187602e+001  1.0098142e+000
  1.0312881e+001  1.0022776e+000
  1.0437583e+001  1.0147199e+000
  1.0562591e+001  1.0050454e+000
  1.0687791e+001  1.0030704e+000
  1.0812355e+001  9.9461819e-001
  1.0937391e+001  1.0084173e+000
  1.1062370e+001  1.0027896e+000
  1.1187560e+001  9.9580863e-001
  1.1312682e+001  1.0096101e+000
  1.1437432e+001  9.9360237e-001
  1.1562468e+001  1.0108784e+000
  1.1687485e+001  9.9402829e-001
  1.1812438e+001  1.0051551e+000
  1.1937447e+001  9.9750874e-001
  1.2062359e+001  1.0106944e+000
  1.2187677e+001  9.9846675e-001
  1.2312575e+001  1.0089943e+000
  1.2437836e+001  9.9714890e-001
  1.2562672e+001  1.0076988e+000
  1.2687748e+001  1.0033111e+000
  1.2812855e+001  9.9525883e-001
  1.2937909e+001  1.0095063e+000
  1.3062439e+001  9.9425363e-001
  1.3187754e+001  1.0049239e+000
  1.3312910e+001  9.9108582e-001
  1.3437503e+001  1.0076811e+000
  1.3562693e+001  9.9856350e-001
  1.3687589e+001  1.0006612e+000
  1.3812603e+001  9.9491433e-001
  1.3937381e+001  9.9500871e-001
  1.4062510e+001  1.0067727e+000
  1.4187768e+001  9.9953921e-001
  1.4312766e+001  1.0035506e+000
  1.4437590e+001  1.0065155e+000
  1.4563053e+001  1.0053262e+000
  1.4687483e+001  1.0024486e+000
  1.4812464e+001  9.9657315e-001
  1.4937618e+001  9.9895638e-001
  1.5062583e+001  9.9543227e-001
  1.5187603e+001  1.0120995e+000
  1.5312695e+001  1.0015036e+000
  1.5437592e+001  9.9941887e-001
  1.5562617e+001  9.9047468e-001
  1.5687841e+001  9.9146572e-001
