 -3.3746965e+000  0.0000000e+000
 -3.2495467e+000  8.7253971e-003
 -3.1245281e+000  6.4409817e-003
 -2.9996909e+000  6.0991674e-003
 -2.8745265e+000  2.4161835e-003
 -2.7502326e+000  4.4488045e-004
 -2.6249968e+000  2.9523884e-003
 -2.5000853e+000  4.2831158e-003
 -2.3749960e+000  8.6197217e-003
 -2.2500247e+000  1.2283136e-002
 -2.1249375e+000  2.8310574e-003
 -1.9999987e+000 -8.1578810e-003
 -1.8750255e+000  1.1806944e-003
 -1.7498192e+000  5.2081019e-003
 -1.6253036e+000  1.2493182e-002
 -1.5000471e+000  1.5733895e-003
 -1.3750563e+000  1.2380984e-003
 -1.2499421e+000  4.6940758e-003
 -1.1249484e+000  5.9008629e-003
 -1.0000652e+000  1.4624955e-003
 -8.7526250e-001 -4.6614599e-003
 -7.4996599e-001  1.1115488e-002
 -6.2501603e-001  9.1846286e-003
 -4.9994748e-001  2.5557795e-003
 -3.7490519e-001 -2.9928321e-003
 -2.5002773e-001  4.4748972e-004
 -1.2485791e-001 -4.6184070e-004
  0.0000000e+000  1.0880654e-003
  1.2513462e-001  6.0978628e-003
  2.5023097e-001  1.5225087e-003
  3.7498984e-001  1.4272704e-003
  5.0011831e-001  4.7580029e-003
  6.2499144e-001  1.1576024e-002
  7.4976736e-001  1.1376415e-002
  8.7494249e-001  1.1941322e-002
  9.9995013e-001  4.5988375e-003
  1.1249359e+000  3.6047058e-003
  1.2500526e+000  8.6236356e-004
  1.3750749e+000  1.8487979e-002
  1.5000691e+000  1.5580339e-001
  1.6250570e+000  2.6358057e-001
  1.7500742e+000  4.1378839e-001
  1.8751224e+000  7.4740176e-001
  1.9998077e+000  8.3096361e-001
  2.1247844e+000  7.9277695e-001
  2.2499203e+000  8.2743588e-001
  2.3754374e+000  9.0225929e-001
  2.5312875e+000  1.0245845e+000
  2.6560258e+000  1.1014666e+000
  2.7810885e+000  1.1068221e+000
  2.9062789e+000  1.1199572e+000
  3.0313733e+000  1.1682000e+000
  3.1562676e+000  1.1448405e+000
  3.2812040e+000  1.1488353e+000
  3.4061301e+000  1.1225612e+000
  3.5313241e+000  1.0743537e+000
  3.6564618e+000  9.3613022e-001
  3.7814835e+000  9.2567488e-001
  3.9065110e+000  9.1760310e-001
  4.0315490e+000  9.1764876e-001
  4.1564467e+000  8.9564740e-001
  4.2813626e+000  8.9214446e-001
  4.4065723e+000  9.0226321e-001
  4.5313157e+000  8.9248106e-001
  4.6566240e+000  8.9912295e-001
  4.7812401e+000  9.0699381e-001
  4.9063289e+000  9.2460377e-001
  5.0312096e+000  9.3532396e-001
  5.1563067e+000  9.1614322e-001
  5.2811220e+000  9.2184969e-001
  5.4060875e+000  9.1984577e-001
  5.5313678e+000  9.3952879e-001
  5.6561321e+000  9.4305392e-001
  5.7811479e+000  9.4556142e-001
  5.9063160e+000  9.5471996e-001
  6.0313798e+000  9.6306180e-001
  6.1563583e+000  9.7014857e-001
  6.2812093e+000  9.6616944e-001
  6.4062688e+000  9.7407030e-001
  6.5313505e+000  9.7808727e-001
  6.6563503e+000  9.7855042e-001
  6.7813823e+000  9.7866392e-001
  6.9061907e+000  9.8291834e-001
  7.0309377e+000  9.9606514e-001
  7.1563453e+000  1.0020365e+000
  7.2812675e+000  9.9332802e-001
  7.4062854e+000  1.0076868e+000
  7.5313202e+000  1.0047984e+000
  7.6562661e+000  1.0073920e+000
  7.7813469e+000  1.0068127e+000
  7.9063195e+000  9.9584727e-001
  8.0314715e+000  1.0077768e+000
  8.1563696e+000  1.0201526e+000
  8.2813595e+000  1.0118577e+000
  8.4064153e+000  1.0061304e+000
  8.5313434e+000  1.0052132e+000
  8.6563415e+000  1.0081656e+000
  8.7813000e+000  1.0045753e+000
  8.9059570e+000  1.0058838e+000
  9.0311988e+000  1.0007149e+000
  9.1564003e+000  9.9639521e-001
  9.2814401e+000  9.9522887e-001
  9.4063902e+000  9.9762287e-001
  9.5313168e+000  9.8857523e-001
  9.6562004e+000  9.9896273e-001
  9.7811230e+000  9.9070570e-001
  9.9064416e+000  9.9263004e-001
  1.0031073e+001  9.9422691e-001
  1.0156308e+001  1.0010749e+000
  1.0281124e+001  9.9350675e-001
  1.0406289e+001  9.9506188e-001
  1.0531414e+001  9.9775203e-001
  1.0656476e+001  9.9936717e-001
  1.0781386e+001  9.9247870e-001
  1.0906324e+001  1.0026470e+000
  1.1032091e+001  9.9757069e-001
  1.1156097e+001  1.0020130e+000
  1.1281317e+001  9.8489616e-001
  1.1406481e+001  9.9340369e-001
  1.1531631e+001  1.0002961e+000
  1.1656618e+001  1.0007005e+000
  1.1781721e+001  9.9367374e-001
  1.1906588e+001  1.0020365e+000
  1.2031282e+001  9.9718060e-001
  1.2156469e+001  9.9559547e-001
  1.2281462e+001  9.9549762e-001
  1.2407028e+001  9.9515581e-001
  1.2531591e+001  9.8793987e-001
  1.2656494e+001  9.9564374e-001
  1.2781396e+001  9.9440695e-001
  1.2906481e+001  9.9523278e-001
  1.3031400e+001  9.9487270e-001
  1.3156019e+001  9.9551197e-001
  1.3281351e+001  9.9231953e-001
  1.3406656e+001  9.8729017e-001
  1.3531461e+001  9.9255959e-001
  1.3656478e+001  9.9212645e-001
  1.3781235e+001  9.9000120e-001
  1.3906481e+001  1.0024748e+000
  1.4031050e+001  9.8383680e-001
  1.4156282e+001  9.9473963e-001
  1.4281358e+001  1.0037547e+000
  1.4406388e+001  9.9370506e-001
  1.4531244e+001  9.9196728e-001
  1.4656452e+001  9.9781857e-001
  1.4781433e+001  9.9852699e-001
  1.4906555e+001  9.9335020e-001
  1.5031224e+001  9.9628562e-001
  1.5156143e+001  9.9303447e-001
  1.5280986e+001  9.9820344e-001
  1.5406143e+001  9.9582639e-001
  1.5531129e+001  1.0102361e+000
  1.5656337e+001  1.0103196e+000
  1.5781414e+001  9.9735151e-001
  1.5906249e+001  9.9659352e-001
  1.6031235e+001  9.9755242e-001
  1.6156214e+001  9.9228561e-001
  1.6281423e+001  9.9798165e-001
  1.6406370e+001  1.0043639e+000
  1.6531103e+001  1.0007592e+000
  1.6656361e+001  9.9919626e-001
  1.6781476e+001  1.0049040e+000
  1.6906532e+001  1.0039738e+000
  1.7031438e+001  9.9396729e-001
  1.7156293e+001  9.9529541e-001
  1.7281190e+001  9.9208079e-001
  1.7406599e+001  1.0031389e+000
