 -2.3745370e+000  0.0000000e+000
 -2.2499301e+000 -9.8475778e-004
 -2.1248485e+000  3.3344000e-003
 -1.9997187e+000 -2.4491385e-004
 -1.8752572e+000  3.6839125e-003
 -1.7499739e+000  4.1023070e-003
 -1.6253469e+000  1.3712625e-003
 -1.5000943e+000  4.2362443e-003
 -1.3751647e+000  4.8727652e-004
 -1.2500152e+000  5.3345298e-003
 -1.1250069e+000  4.7707177e-004
 -1.0003446e+000  1.8776729e-003
 -8.7518903e-001 -2.6175168e-003
 -7.4993456e-001  3.1864313e-003
 -6.2533674e-001  3.1315808e-003
 -4.9981478e-001  1.8866020e-003
 -3.7511499e-001  3.8586688e-003
 -2.5000510e-001  1.8610902e-003
 -1.2507707e-001  5.5985776e-003
  0.0000000e+000  1.4809634e-003
  1.2472661e-001  4.7605130e-003
  2.5012746e-001 -6.5055242e-005
  3.7488480e-001  1.1416557e-003
  4.9972483e-001  2.4274534e-003
  6.2521312e-001  3.0831082e-003
  7.4987477e-001  1.6876095e-003
  8.7521375e-001  4.4161029e-003
  1.0000243e+000  2.7705880e-003
  1.1248485e+000  3.5461485e-003
  1.2497267e+000  1.8724047e-001
  1.3748997e+000  5.8287201e-001
  1.5002204e+000  1.0312825e+000
  1.6252420e+000  1.1788380e+000
  1.7501050e+000  1.5338062e+000
  1.8750250e+000  1.7830213e+000
  2.0310548e+000  1.7255469e+000
  2.1561981e+000  1.6947171e+000
  2.2812384e+000  1.7477142e+000
  2.4063496e+000  1.7336457e+000
  2.5309499e+000  1.6269793e+000
  2.6562611e+000  1.5646347e+000
  2.7810632e+000  1.5638298e+000
  2.9060333e+000  1.5908532e+000
  3.0312537e+000  1.5811179e+000
  3.1573145e+000  1.5344516e+000
  3.2811898e+000  1.4831830e+000
  3.4060286e+000  1.4756723e+000
  3.5314558e+000  1.4923201e+000
  3.6559053e+000  1.5176559e+000
  3.7808924e+000  1.4164835e+000
  3.9061413e+000  1.3484816e+000
  4.0311235e+000  1.3560497e+000
  4.1559251e+000  1.3439941e+000
  4.2812746e+000  1.3352104e+000
  4.4061485e+000  1.3139820e+000
  4.5308134e+000  1.3023638e+000
  4.6563113e+000  1.2729308e+000
  4.7811399e+000  1.2544130e+000
  4.9063339e+000  1.2212680e+000
  5.0311548e+000  1.1677314e+000
  5.1572647e+000  1.1506410e+000
  5.2811672e+000  1.0973480e+000
  5.4059325e+000  1.0636558e+000
  5.5312918e+000  1.0469544e+000
  5.6564026e+000  1.0267605e+000
  5.7810300e+000  1.0085183e+000
  5.9059883e+000  1.0021951e+000
  6.0312385e+000  1.0039350e+000
  6.1561610e+000  9.9864389e-001
  6.2809312e+000  9.9681596e-001
  6.4062356e+000  1.0006683e+000
  6.5310329e+000  1.0011657e+000
  6.6561415e+000  1.0020000e+000
  6.7811504e+000  1.0068766e+000
  6.9062215e+000  9.9490895e-001
  7.0309947e+000  9.9556971e-001
  7.1560172e+000  1.0002677e+000
  7.2813624e+000  9.9571640e-001
  7.4060793e+000  9.9464873e-001
  7.5312386e+000  9.9621388e-001
  7.6561500e+000  1.0004284e+000
  7.7812528e+000  1.0009361e+000
  7.9062818e+000  1.0127150e+000
  8.0310908e+000  1.0064888e+000
  8.1562219e+000  1.0089277e+000
  8.2811032e+000  1.0074047e+000
  8.4062680e+000  1.0129420e+000
  8.5310004e+000  1.0115848e+000
  8.6561048e+000  1.0090821e+000
  8.7812993e+000  1.0079863e+000
  8.9060568e+000  1.0092326e+000
  9.0312642e+000  1.0128910e+000
  9.1566548e+000  1.0090081e+000
  9.2809804e+000  1.0129382e+000
  9.4062071e+000  1.0146079e+000
  9.5311305e+000  1.0201682e+000
  9.6563160e+000  1.0132826e+000
  9.7811839e+000  1.0135403e+000
  9.9062414e+000  1.0127966e+000
  1.0030818e+001  1.0087632e+000
  1.0156313e+001  1.0103691e+000
  1.0281134e+001  1.0097569e+000
  1.0406358e+001  1.0092709e+000
  1.0531127e+001  1.0070424e+000
  1.0656203e+001  1.0073868e+000
  1.0781007e+001  1.0070360e+000
  1.0906175e+001  1.0094737e+000
  1.1031153e+001  1.0070092e+000
  1.1156310e+001  1.0089966e+000
  1.1281009e+001  1.0051571e+000
  1.1406197e+001  1.0037526e+000
  1.1531172e+001  1.0037131e+000
  1.1656255e+001  1.0017385e+000
  1.1781204e+001  1.0052247e+000
  1.1906260e+001  1.0014783e+000
  1.2030988e+001  1.0027487e+000
  1.2156297e+001  1.0017589e+000
  1.2281211e+001  1.0013035e+000
  1.2406243e+001  1.0037144e+000
  1.2530921e+001  1.0019311e+000
  1.2655936e+001  1.0031990e+000
  1.2781257e+001  9.9837091e-001
  1.2906311e+001  1.0013124e+000
  1.3031298e+001  1.0008047e+000
  1.3156966e+001  1.0040205e+000
  1.3281153e+001  9.9998964e-001
  1.3406255e+001  1.0028112e+000
  1.3530975e+001  9.9827396e-001
  1.3655955e+001  1.0013737e+000
  1.3781879e+001  9.9575849e-001
  1.3906541e+001  9.9916433e-001
  1.4031546e+001  9.9859796e-001
  1.4156600e+001  1.0015165e+000
  1.4281467e+001  1.0026799e+000
  1.4406492e+001  9.9979192e-001
  1.4531350e+001  1.0047030e+000
  1.4656418e+001  1.0006823e+000
  1.4781384e+001  9.9985697e-001
  1.4906141e+001  9.9593325e-001
  1.5030880e+001  9.9749713e-001
  1.5156320e+001  9.9909800e-001
  1.5281026e+001  1.0002881e+000
  1.5406562e+001  1.0047846e+000
