 -2.8732192e+000  0.0000000e+000
 -2.7498245e+000 -1.1794843e-002
 -2.6246108e+000 -1.2321793e-002
 -2.4996846e+000 -8.3112941e-003
 -2.3750053e+000 -1.2558447e-002
 -2.2497966e+000 -8.6646976e-003
 -2.1248238e+000 -1.7121140e-002
 -2.0001087e+000 -2.0566824e-002
 -1.8748683e+000 -1.0521644e-002
 -1.7499441e+000 -2.3354610e-002
 -1.6248934e+000 -1.5197930e-002
 -1.4998451e+000 -1.4699379e-002
 -1.3749254e+000 -1.9910503e-002
 -1.2498019e+000 -1.1173232e-002
 -1.1248681e+000 -5.2836985e-003
 -9.9990879e-001 -6.7067789e-003
 -8.7486594e-001 -4.9302950e-003
 -7.4986458e-001 -1.2061474e-002
 -6.2512065e-001 -1.1820086e-002
 -5.0017377e-001 -2.7227850e-002
 -3.7482669e-001 -1.6229742e-002
 -2.5023446e-001 -2.3225239e-002
 -1.2519929e-001 -1.6657297e-002
  0.0000000e+000 -2.3611774e-002
  1.2525726e-001 -1.2785635e-002
  2.5020177e-001 -4.5705807e-003
  3.7516081e-001 -1.6756692e-002
  5.0007277e-001 -2.9215745e-002
  6.2499382e-001 -2.1018045e-002
  7.5025010e-001 -2.4944926e-002
  8.7490016e-001 -1.7613380e-002
  1.0000198e+000 -2.5044321e-002
  1.1248297e+000  3.0717710e-002
  1.2500843e+000  1.8043933e-001
  1.3751934e+000  1.0596032e+000
  1.5000186e+000  1.4010747e+000
  1.6249627e+000  1.4791705e+000
  1.7501755e+000  1.6106240e+000
  1.8750952e+000  1.6866594e+000
  2.0000454e+000  1.7469889e+000
  2.1250832e+000  1.7512329e+000
  2.2501290e+000  1.6665454e+000
  2.3748719e+000  1.5865421e+000
  2.4997413e+000  1.4305097e+000
  2.6250090e+000  1.3667488e+000
  2.7499029e+000  1.3396329e+000
  2.8750894e+000  1.2738273e+000
  3.0001288e+000  1.2580298e+000
  3.1248722e+000  1.2947018e+000
  3.2502433e+000  1.3192633e+000
  3.3748900e+000  1.3225796e+000
  3.5000152e+000  1.3463571e+000
  3.6250753e+000  1.3167800e+000
  3.7500762e+000  1.2936889e+000
  3.8750189e+000  1.2673051e+000
  4.0001630e+000  1.2399100e+000
  4.1252019e+000  1.2021479e+000
  4.2501558e+000  1.1334062e+000
  4.3750229e+000  1.1079990e+000
  4.5001363e+000  1.0652419e+000
  4.6247364e+000  1.0641864e+000
  4.7501988e+000  1.0430548e+000
  4.8751530e+000  1.0561512e+000
  5.0001699e+000  1.0571483e+000
  5.1252337e+000  1.0510143e+000
  5.2501533e+000  1.0390001e+000
  5.3752249e+000  1.0325237e+000
  5.5000789e+000  1.0224580e+000
  5.6250871e+000  1.0002062e+000
  5.7500006e+000  9.9717228e-001
  5.8748246e+000  1.0063229e+000
  6.0000109e+000  9.9510865e-001
  6.1251570e+000  9.9755408e-001
  6.2500885e+000  1.0001841e+000
  6.3751818e+000  9.8977762e-001
  6.5000575e+000  9.8490413e-001
  6.6250301e+000  9.8133065e-001
  6.7504920e+000  9.8501930e-001
  6.8750408e+000  9.9572080e-001
  7.0001018e+000  9.8846183e-001
  7.1251684e+000  9.8814944e-001
  7.2502048e+000  9.9207790e-001
  7.3748712e+000  9.9454068e-001
  7.5000754e+000  9.9970606e-001
  7.6249085e+000  1.0040305e+000
  7.7502153e+000  9.9672895e-001
  7.8750151e+000  9.9224514e-001
  8.0000835e+000  9.9705868e-001
  8.1250662e+000  1.0059017e+000
  8.2501656e+000  9.9953724e-001
  8.3750668e+000  9.9961139e-001
  8.5000647e+000  1.0018675e+000
  8.6251683e+000  9.9612153e-001
  8.7501202e+000  1.0018123e+000
  8.8747923e+000  1.0021767e+000
  9.0004688e+000  9.9809207e-001
  9.1253381e+000  1.0151501e+000
  9.2504742e+000  9.9618937e-001
  9.3754923e+000  1.0002661e+000
  9.5005403e+000  1.0039532e+000
  9.6255275e+000  1.0097386e+000
  9.7502064e+000  1.0017507e+000
  9.8756251e+000  1.0065974e+000
  1.0000463e+001  1.0043461e+000
  1.0125403e+001  9.9968712e-001
  1.0250253e+001  9.9724327e-001
  1.0375272e+001  1.0097891e+000
  1.0500457e+001  1.0051649e+000
  1.0625704e+001  1.0032527e+000
  1.0750596e+001  1.0211659e+000
  1.0875753e+001  1.0053495e+000
  1.1000641e+001  1.0056682e+000
  1.1125405e+001  1.0036692e+000
  1.1249940e+001  9.9856538e-001
  1.1375576e+001  9.9360353e-001
  1.1501105e+001  9.9248337e-001
  1.1626418e+001  9.9862534e-001
  1.1750821e+001  9.9541630e-001
  1.1876004e+001  9.9597796e-001
  1.2000267e+001  1.0046884e+000
  1.2125666e+001  1.0024875e+000
  1.2250288e+001  1.0041820e+000
  1.2375074e+001  9.9250861e-001
  1.2500053e+001  1.0035588e+000
  1.2625367e+001  9.9918068e-001
  1.2750417e+001  1.0040352e+000
