 -2.9997132e+000  0.0000000e+000
 -2.8743339e+000  1.0105443e-002
 -2.7498185e+000  6.5820553e-003
 -2.6252383e+000  3.7803250e-003
 -2.5000703e+000 -8.9592809e-004
 -2.3751616e+000 -3.9367214e-003
 -2.2504867e+000  2.1538022e-003
 -2.1252978e+000  4.8795685e-003
 -2.0001750e+000  1.1977732e-002
 -1.8750960e+000  8.5012628e-003
 -1.7502290e+000  9.6317856e-003
 -1.6251721e+000  5.3755686e-003
 -1.5002278e+000  1.3260183e-002
 -1.3753133e+000  3.6328655e-003
 -1.2503251e+000  6.3899111e-004
 -1.1251445e+000  7.2947761e-003
 -9.9995837e-001  3.6283971e-003
 -8.7516835e-001 -3.7088295e-004
 -7.5025834e-001 -1.5215138e-003
 -6.2525740e-001 -1.4522525e-004
 -5.0028453e-001 -2.4018022e-003
 -3.7505437e-001  1.4634237e-003
 -2.4999881e-001  3.7825593e-003
 -1.2525670e-001  1.1591209e-002
  0.0000000e+000  9.2832450e-003
  1.2459153e-001  1.4835318e-003
  2.4984265e-001  9.2519657e-003
  3.7477221e-001  3.0318564e-003
  4.9968725e-001  1.0585804e-002
  6.2472521e-001  2.9045050e-005
  7.4982491e-001  1.0074164e-002
  8.7479303e-001 -1.8856940e-003
  9.9977609e-001  2.0172905e-002
  1.1249107e+000  4.6503360e-002
  1.2507157e+000  2.3391766e-001
  1.3750538e+000  3.2867379e-001
  1.4996886e+000  6.2066368e-001
  1.6248249e+000  9.2722525e-001
  1.7498422e+000  8.9825840e-001
  1.8747149e+000  1.2013614e+000
  1.9999167e+000  1.3301158e+000
  2.1249431e+000  1.4452683e+000
  2.2499934e+000  1.0190054e+000
  2.3748773e+000  8.9273537e-001
  2.4998348e+000  9.2801841e-001
  2.6244301e+000  9.5871456e-001
  2.7497824e+000  9.4722836e-001
  2.8747408e+000  9.5443376e-001
  2.9996231e+000  9.4592803e-001
  3.1247897e+000  9.4604868e-001
  3.2499175e+000  9.0583469e-001
  3.3748761e+000  8.9684190e-001
  3.4997381e+000  8.9034698e-001
  3.6249934e+000  8.9143058e-001
  3.7495569e+000  8.9441105e-001
  3.8749567e+000  8.9928615e-001
  4.0000247e+000  8.8893494e-001
  4.1249162e+000  8.9133898e-001
  4.2498639e+000  8.9588117e-001
  4.3748641e+000  9.0869674e-001
  4.4999219e+000  9.3839643e-001
  4.6248533e+000  1.0049520e+000
  4.7497178e+000  1.0092753e+000
  4.8748479e+000  1.0273592e+000
  4.9997931e+000  1.0251451e+000
  5.1246834e+000  1.0330721e+000
  5.2498334e+000  1.0307865e+000
  5.3746733e+000  1.0312892e+000
  5.4998325e+000  1.0233063e+000
  5.6248333e+000  1.0323102e+000
  5.7499284e+000  1.0241977e+000
  5.8746276e+000  1.0270933e+000
  5.9999397e+000  1.0328688e+000
  6.1249596e+000  1.0208665e+000
  6.2499469e+000  1.0308334e+000
  6.3749023e+000  1.0165522e+000
  6.5000071e+000  1.0319729e+000
  6.6250603e+000  1.0173498e+000
  6.7497999e+000  1.0272140e+000
  6.8749882e+000  1.0178324e+000
  6.9999096e+000  1.0226114e+000
  7.1249386e+000  1.0172024e+000
  7.2499844e+000  1.0147536e+000
  7.3749771e+000  1.0169409e+000
  7.4999110e+000  1.0096886e+000
  7.6249817e+000  1.0237956e+000
  7.7497905e+000  1.0011181e+000
  7.8749460e+000  1.0206386e+000
  8.0000001e+000  9.9878332e-001
  8.1249234e+000  1.0083146e+000
  8.2497440e+000  1.0035020e+000
  8.3749411e+000  1.0121440e+000
  8.4999804e+000  1.0074477e+000
  8.6249931e+000  1.0047554e+000
  8.7500152e+000  1.0138912e+000
  8.8749194e+000  1.0021146e+000
  8.9998170e+000  1.0173856e+000
  9.1247857e+000  1.0074991e+000
  9.2499633e+000  1.0152921e+000
  9.3748000e+000  1.0040003e+000
  9.4998589e+000  1.0065361e+000
  9.6251464e+000  1.0022464e+000
  9.7498467e+000  1.0091256e+000
  9.8749668e+000  1.0132254e+000
  1.0000046e+001  1.0052090e+000
  1.0124824e+001  1.0122289e+000
  1.0249892e+001  1.0051084e+000
  1.0375255e+001  1.0213133e+000
  1.0499965e+001  1.0021280e+000
  1.0624641e+001  1.0101734e+000
  1.0749867e+001  1.0081135e+000
  1.0874845e+001  1.0145190e+000
  1.0999886e+001  1.0074320e+000
  1.1124749e+001  1.0063641e+000
  1.1249796e+001  1.0167443e+000
  1.1374898e+001  1.0070254e+000
  1.1500107e+001  1.0177341e+000
  1.1624912e+001  1.0040852e+000
  1.1749788e+001  1.0087502e+000
  1.1875039e+001  1.0059977e+000
  1.2000112e+001  1.0042103e+000
  1.2124872e+001  1.0019827e+000
  1.2249816e+001  1.0031110e+000
  1.2374767e+001  1.0062971e+000
  1.2499906e+001  1.0015515e+000
  1.2624833e+001  1.0077582e+000
  1.2749839e+001  1.0048828e+000
  1.2874877e+001  1.0042907e+000
  1.2999999e+001  9.9652898e-001
  1.3124670e+001  1.0069249e+000
  1.3249692e+001  9.9908271e-001
  1.3374785e+001  9.9738469e-001
  1.3499824e+001  1.0071885e+000
  1.3624822e+001  1.0011561e+000
  1.3750198e+001  1.0077002e+000
  1.3875273e+001  9.9627204e-001
  1.3999993e+001  1.0047510e+000
  1.4124902e+001  9.9350606e-001
  1.4249821e+001  1.0102762e+000
  1.4375490e+001  9.9305921e-001
  1.4500580e+001  9.9884811e-001
  1.4625445e+001  9.9580508e-001
  1.4750404e+001  9.9994736e-001
  1.4875141e+001  1.0066434e+000
  1.5000234e+001  9.9781813e-001
  1.5125301e+001  1.0044538e+000
  1.5250203e+001  9.9002735e-001
  1.5375002e+001  1.0049677e+000
  1.5499863e+001  9.9476840e-001
