 -3.4996555e+000  0.0000000e+000
 -3.3747099e+000  1.7860061e-003
 -3.2498093e+000 -1.2813684e-004
 -3.1247964e+000  5.0859253e-003
 -2.9997986e+000  1.5028395e-004
 -2.8751269e+000  2.4330181e-003
 -2.7499869e+000  2.5105330e-003
 -2.6252824e+000  3.3853438e-004
 -2.5000377e+000 -2.9265822e-004
 -2.3749577e+000  1.3114252e-003
 -2.2501381e+000  2.7367499e-004
 -2.1251004e+000 -4.2285158e-003
 -2.0001151e+000  2.3634129e-003
 -1.8751640e+000  2.8474854e-005
 -1.7499759e+000  6.8133998e-003
 -1.6250477e+000  4.0972151e-004
 -1.5003436e+000  1.0045296e-003
 -1.3751700e+000  1.1991077e-003
 -1.2499262e+000 -4.0022989e-004
 -1.1249022e+000 -1.5819363e-005
 -9.9997667e-001 -2.5500814e-003
 -8.7515410e-001  1.6515415e-003
 -7.5000300e-001  1.4553814e-003
 -6.2496057e-001  1.5977557e-004
 -4.9994455e-001  9.9187409e-004
 -3.7498243e-001  5.4323694e-003
 -2.4990285e-001  1.0709709e-003
 -1.2499228e-001 -1.1991077e-003
  0.0000000e+000  5.0780157e-004
  1.2479729e-001 -1.0946999e-003
  2.5004952e-001  2.9250003e-003
  3.7459286e-001 -1.2196729e-003
  5.0017363e-001  7.0538542e-003
  6.2508783e-001  3.3932535e-003
  7.5003401e-001  7.1978104e-003
  8.7500786e-001  1.9631830e-003
  9.9958933e-001  3.6479452e-003
  1.1249257e+000  3.5291418e-002
  1.2496949e+000  2.2936179e-001
  1.3747010e+000  4.0586159e-001
  1.5000714e+000  7.3885761e-001
  1.6247530e+000  1.1323089e+000
  1.7499760e+000  1.7211895e+000
  1.8749513e+000  1.6503820e+000
  2.0000564e+000  1.6562320e+000
  2.1249532e+000  1.6863157e+000
  2.2497208e+000  1.5660569e+000
  2.3750952e+000  1.4058763e+000
  2.4998362e+000  1.2681482e+000
  2.6249319e+000  1.1754578e+000
  2.7496791e+000  1.1568416e+000
  2.8748408e+000  1.1255161e+000
  2.9999063e+000  1.1089279e+000
  3.1250000e+000  1.0948613e+000
  3.2499404e+000  1.0937935e+000
  3.3748678e+000  1.1008031e+000
  3.4999243e+000  1.0858743e+000
  3.6245778e+000  1.0803201e+000
  3.7500593e+000  1.0623604e+000
  3.8749062e+000  1.0493395e+000
  3.9999846e+000  1.0948787e+000
  4.1251064e+000  1.1171571e+000
  4.2499899e+000  1.1124493e+000
  4.3749887e+000  1.1164452e+000
  4.5000395e+000  1.1016700e+000
  4.6250093e+000  1.1140581e+000
  4.7500319e+000  1.1253547e+000
  4.8748886e+000  1.1166161e+000
  4.9998198e+000  1.1181379e+000
  5.1250621e+000  1.1150294e+000
  5.2499165e+000  1.1212132e+000
  5.3751484e+000  1.1220627e+000
  5.4998817e+000  1.1459658e+000
  5.6250880e+000  1.1379580e+000
  5.7499915e+000  1.1442589e+000
  5.8749694e+000  1.1346454e+000
  5.9999363e+000  1.1307365e+000
  6.1249586e+000  1.1207718e+000
  6.2496323e+000  1.1087681e+000
  6.3746444e+000  1.1056027e+000
  6.5001085e+000  1.0895602e+000
  6.6249970e+000  1.0900396e+000
  6.7500745e+000  1.0701483e+000
  6.8746466e+000  1.0689239e+000
  6.9997339e+000  1.0639392e+000
  7.1249230e+000  1.0482432e+000
  7.2500448e+000  1.0355308e+000
  7.3750236e+000  1.0289341e+000
  7.4997839e+000  1.0252086e+000
  7.6249769e+000  1.0228848e+000
  7.7498988e+000  1.0240776e+000
  7.8748422e+000  1.0193460e+000
  7.9998543e+000  1.0206764e+000
  8.1250880e+000  1.0213028e+000
  8.2499044e+000  1.0176707e+000
  8.3750593e+000  1.0179618e+000
  8.4996973e+000  1.0119631e+000
  8.6247319e+000  1.0127588e+000
  8.7498885e+000  1.0024256e+000
  8.8746345e+000  1.0154133e+000
  8.9999521e+000  1.0015128e+000
  9.1246893e+000  1.0137760e+000
  9.2499681e+000  1.0036437e+000
  9.3749351e+000  1.0163435e+000
  9.4998049e+000  1.0090191e+000
  9.6250229e+000  1.0125579e+000
  9.7498612e+000  1.0074894e+000
  9.8746962e+000  1.0068329e+000
  9.9999686e+000  1.0063599e+000
  1.0124695e+001  1.0096867e+000
  1.0250175e+001  1.0066462e+000
  1.0375011e+001  1.0021298e+000
  1.0499768e+001  1.0062729e+000
  1.0624887e+001  1.0015144e+000
  1.0749820e+001  1.0011411e+000
  1.0874912e+001  1.0042875e+000
  1.0999971e+001  1.0009813e+000
  1.1124695e+001  1.0004387e+000
  1.1250052e+001  9.9732544e-001
  1.1374645e+001  1.0049630e+000
  1.1500081e+001  9.9697109e-001
  1.1624654e+001  1.0056923e+000
  1.1749964e+001  9.9880455e-001
  1.1875272e+001  1.0043081e+000
  1.2000012e+001  1.0006886e+000
  1.2124994e+001  1.0066082e+000
  1.2249665e+001  1.0074641e+000
  1.2375031e+001  9.9991349e-001
  1.2499931e+001  1.0033099e+000
  1.2624837e+001  9.9510440e-001
  1.2749741e+001  1.0007820e+000
  1.2874931e+001  9.9600769e-001
  1.3000056e+001  1.0092548e+000
  1.3125150e+001  9.9872704e-001
  1.3249886e+001  1.0032767e+000
  1.3374678e+001  1.0037924e+000
  1.3500200e+001  1.0094779e+000
  1.3625466e+001  1.0027372e+000
  1.3750516e+001  9.9923167e-001
  1.3875274e+001  9.9956546e-001
  1.3999807e+001  9.9780793e-001
  1.4125366e+001  9.9961608e-001
  1.4249849e+001  9.9217782e-001
  1.4374781e+001  1.0020792e+000
  1.4500031e+001  9.9867325e-001
  1.4625055e+001  1.0058900e+000
  1.4749982e+001  1.0026392e+000
  1.4875028e+001  1.0003770e+000
  1.5000074e+001  1.0002805e+000
  1.5125126e+001  1.0016837e+000
  1.5250118e+001  1.0055879e+000
  1.5375027e+001  9.9765765e-001
  1.5500339e+001  1.0017517e+000
  1.5625033e+001  1.0031897e+000
  1.5749934e+001  1.0014037e+000
  1.5874924e+001  1.0013831e+000
  1.6000015e+001  1.0004308e+000
  1.6125096e+001  9.9418688e-001
  1.6250088e+001  9.9722894e-001
  1.6375059e+001  9.9881088e-001
  1.6500126e+001  1.0036579e+000
  1.6625130e+001  9.9829042e-001
  1.6750300e+001  9.9674012e-001
  1.6875626e+001  9.9771618e-001
