 -1.6246369e+000  0.0000000e+000
 -1.4996727e+000 -3.6208267e-003
 -1.3750333e+000  2.2619484e-003
 -1.2498626e+000 -4.8144745e-004
 -1.1252655e+000  2.6265950e-003
 -1.0000022e+000  1.2335310e-003
 -8.7543417e-001  1.8104133e-003
 -7.5032581e-001 -7.6347879e-004
 -6.2529609e-001  1.5098648e-003
 -5.0005126e-001  3.7305055e-003
 -3.7514083e-001  1.7092809e-005
 -2.4971582e-001  6.8727335e-003
 -1.2490554e-001  1.5725384e-003
  0.0000000e+000  4.4313107e-003
  1.2497329e-001 -1.1822526e-004
  2.4992436e-001  5.8257990e-004
  3.7503887e-001 -1.5112892e-003
  4.9981785e-001 -8.5606484e-004
  6.2490484e-001 -3.7034419e-003
  7.4999462e-001  5.1420866e-003
  8.7477361e-001  1.7861985e-003
  9.9984942e-001 -2.0069806e-003
  1.1248322e+000  4.6976736e-003
  1.2499917e+000  2.3345928e-003
  1.3751066e+000  8.0336201e-004
  1.5000187e+000 -9.8141210e-004
  1.6250553e+000  6.1705040e-003
  1.7500300e+000  4.9740074e-003
  1.8749636e+000  3.3202781e-003
  1.9998521e+000  2.1821819e-003
  2.1247700e+000 -1.5013184e-003
  2.2497695e+000  1.6280900e-003
  2.3748775e+000 -5.7460326e-003
  2.4996164e+000  2.0551254e-002
  2.6248282e+000  3.2190032e-002
  2.7500302e+000  6.5988213e-002
  2.8747246e+000  1.4422485e-001
  3.0001883e+000  3.0831439e-001
  3.1249708e+000  3.5251924e-001
  3.2499654e+000  4.0615220e-001
  3.3756317e+000  5.3246806e-001
  3.4998213e+000  5.2196025e-001
  3.6248030e+000  4.7786081e-001
  3.7500026e+000  5.4545289e-001
  3.8747304e+000  5.8646282e-001
  3.9996498e+000  5.5631110e-001
  4.1248104e+000  5.6170958e-001
  4.2499484e+000  5.6046750e-001
  4.3750777e+000  6.0138484e-001
  4.5000345e+000  6.5411188e-001
  4.6250420e+000  7.3862870e-001
  4.7499265e+000  8.0807251e-001
  4.8749650e+000  8.3035298e-001
  4.9998842e+000  8.3907316e-001
  5.1251853e+000  8.7258362e-001
  5.2499784e+000  8.1519166e-001
  5.3750651e+000  8.9629561e-001
  5.5001585e+000  9.2959953e-001
  5.6249603e+000  9.3118346e-001
  5.7499909e+000  9.3401802e-001
  5.8749384e+000  9.7353802e-001
  6.0000214e+000  9.6649436e-001
  6.1252979e+000  9.9364201e-001
  6.2499297e+000  1.0341961e+000
  6.3752597e+000  1.0581275e+000
  6.5000110e+000  1.0450671e+000
  6.6250000e+000  1.0586545e+000
  6.7499319e+000  1.0595334e+000
  6.8748789e+000  1.0579694e+000
  6.9998698e+000  1.0335010e+000
  7.1248339e+000  1.0093289e+000
  7.2504504e+000  9.9728848e-001
  7.3751460e+000  9.9324745e-001
  7.5000078e+000  1.0086053e+000
  7.6248853e+000  1.0110724e+000
  7.7496266e+000  1.0224291e+000
  7.8747379e+000  1.0331478e+000
  8.0000080e+000  1.0308374e+000
  8.1249814e+000  1.0365435e+000
  8.2499235e+000  1.0351604e+000
  8.3751527e+000  1.0343784e+000
  8.4996926e+000  1.0289671e+000
  8.6250183e+000  1.0194151e+000
  8.7501075e+000  1.0182485e+000
  8.8749337e+000  1.0161077e+000
  8.9999862e+000  1.0150664e+000
  9.1250533e+000  1.0037125e+000
  9.2497372e+000  1.0010247e+000
  9.3751115e+000  9.9235293e-001
  9.4999367e+000  9.8070133e-001
  9.6249995e+000  9.8573231e-001
  9.7500086e+000  1.0006985e+000
  9.8749558e+000  9.9658340e-001
  9.9996585e+000  9.9399526e-001
  1.0124699e+001  9.8925628e-001
  1.0249899e+001  9.8997133e-001
  1.0375095e+001  9.8722224e-001
  1.0499909e+001  9.9269906e-001
  1.0624902e+001  9.8802845e-001
  1.0749635e+001  9.8525514e-001
  1.0874756e+001  9.9633555e-001
  1.1000002e+001  9.9689676e-001
  1.1125010e+001  9.9546382e-001
  1.1250084e+001  9.9496100e-001
  1.1375131e+001  1.0002170e+000
  1.1499860e+001  1.0005689e+000
  1.1625115e+001  9.9537266e-001
  1.1749934e+001  9.9441831e-001
  1.1874764e+001  9.9385994e-001
  1.1999918e+001  9.9211932e-001
  1.2124767e+001  9.8847428e-001
  1.2249952e+001  9.8346467e-001
  1.2374956e+001  9.6632770e-001
  1.2499615e+001  9.8201890e-001
  1.2624636e+001  9.8804411e-001
  1.2750044e+001  9.9499946e-001
  1.2874907e+001  9.8888594e-001
  1.2999890e+001  9.8743874e-001
  1.3124743e+001  9.8687611e-001
  1.3249891e+001  9.8458994e-001
  1.3374990e+001  9.9350527e-001
  1.3500376e+001  9.8629068e-001
  1.3625029e+001  9.9426162e-001
  1.3749902e+001  9.9008386e-001
  1.3874774e+001  9.9477868e-001
  1.3999962e+001  9.9128747e-001
  1.4124851e+001  9.9458354e-001
  1.4249741e+001  9.9099405e-001
  1.4375040e+001  9.9318478e-001
  1.4499771e+001  9.9120913e-001
  1.4624998e+001  9.9271472e-001
  1.4749832e+001  9.9286856e-001
  1.4874859e+001  9.8821932e-001
  1.4999657e+001  9.9291699e-001
  1.5124954e+001  9.9491257e-001
  1.5250114e+001  9.9375881e-001
  1.5375002e+001  9.9585268e-001
  1.5499909e+001  9.9618314e-001
  1.5625039e+001  9.9758760e-001
  1.5749942e+001  9.9706200e-001
  1.5874990e+001  9.9743234e-001
  1.5999938e+001  9.9273039e-001
  1.6125087e+001  9.9693095e-001
  1.6250131e+001  9.9412631e-001
  1.6375003e+001  9.9897639e-001
  1.6499961e+001  9.9627288e-001
  1.6624865e+001  9.9742522e-001
  1.6750034e+001  1.0021642e+000
  1.6875025e+001  9.9807474e-001
  1.7000007e+001  9.9947635e-001
  1.7124875e+001  1.0003880e+000
  1.7249873e+001  9.9853198e-001
  1.7375119e+001  9.9423314e-001
  1.7500257e+001  1.0028550e+000
  1.7625276e+001  1.0002740e+000
  1.7750131e+001  1.0022084e+000
  1.7875432e+001  1.0028294e+000
  1.8000206e+001  9.9734118e-001
  1.8125014e+001  9.9860177e-001
  1.8250398e+001  1.0002954e+000
  1.8375201e+001  1.0002826e+000
  1.8500141e+001  9.9896499e-001
  1.8625345e+001  1.0015076e+000
  1.8750063e+001  1.0006572e+000
  1.8875384e+001  1.0015531e+000
