 -2.6248463e+000  0.0000000e+000
 -2.5000584e+000 -7.0171453e-003
 -2.3750629e+000 -2.0230619e-003
 -2.2501634e+000 -8.4035597e-003
 -2.1251638e+000 -6.0439441e-003
 -2.0004985e+000 -1.2853548e-002
 -1.8751297e+000  2.2408869e-003
 -1.7501275e+000 -1.4125908e-003
 -1.6248284e+000 -5.0501757e-003
 -1.5000305e+000 -9.1393036e-003
 -1.3751914e+000 -4.4312908e-003
 -1.2501421e+000  3.8011874e-003
 -1.1249604e+000 -3.6992864e-003
 -9.9992932e-001  4.4752298e-003
 -8.7510801e-001  3.7778156e-003
 -7.5004449e-001  3.5179214e-003
 -6.2504578e-001  4.1517642e-003
 -5.0026135e-001 -6.2000676e-003
 -3.7512240e-001 -6.6282388e-003
 -2.4979041e-001 -1.2223445e-002
 -1.2498949e-001 -6.3131871e-003
  0.0000000e+000  5.6840186e-004
  1.2498460e-001  3.5889716e-003
  2.4999476e-001 -7.5892867e-003
  3.7502029e-001  1.0937996e-003
  4.9980570e-001 -8.6671935e-003
  6.2485344e-001 -4.6939897e-003
  7.4987338e-001 -8.6204499e-003
  8.7496791e-001 -6.0617067e-003
  1.0001666e+000 -5.6634514e-003
  1.1248993e+000  6.6890054e-003
  1.2497898e+000  1.1622696e-001
  1.3750161e+000  2.5451876e-001
  1.4998244e+000  3.0019097e-001
  1.6246021e+000  5.2496586e-001
  1.7498630e+000  6.8696506e-001
  1.9060010e+000  8.1602781e-001
  2.0308943e+000  9.6105349e-001
  2.1560216e+000  9.7709588e-001
  2.2810829e+000  1.0328909e+000
  2.4061163e+000  9.9290456e-001
  2.5312133e+000  9.6009898e-001
  2.6561521e+000  9.6256891e-001
  2.7812134e+000  9.3935232e-001
  2.9060239e+000  9.2306218e-001
  3.0312795e+000  9.4387896e-001
  3.1559444e+000  9.7727444e-001
  3.2810339e+000  1.0440645e+000
  3.4060809e+000  1.0649701e+000
  3.5311713e+000  1.0760819e+000
  3.6875276e+000  1.0983272e+000
  3.8124255e+000  1.1265772e+000
  3.9373994e+000  1.1411219e+000
  4.0623871e+000  1.1347994e+000
  4.1874830e+000  1.1319293e+000
  4.3123035e+000  1.1375292e+000
  4.4373884e+000  1.1319433e+000
  4.5622213e+000  1.1239268e+000
  4.6876047e+000  1.1226797e+000
  4.8124408e+000  1.1039944e+000
  4.9375122e+000  1.1007728e+000
  5.0626818e+000  1.0783219e+000
  5.1874455e+000  1.0617747e+000
  5.3123998e+000  1.0355562e+000
  5.4375620e+000  1.0253137e+000
  5.5625095e+000  1.0279557e+000
  5.6873967e+000  1.0147217e+000
  5.8121282e+000  1.0177058e+000
  5.9372362e+000  1.0097435e+000
  6.0624373e+000  1.0007921e+000
  6.1874895e+000  9.7625543e-001
  6.3122726e+000  9.5382413e-001
  6.4372229e+000  9.4119121e-001
  6.5623532e+000  9.3271379e-001
  6.6876437e+000  9.3306998e-001
  6.8122553e+000  9.1564678e-001
  6.9373254e+000  9.1196058e-001
  7.0620969e+000  9.2298552e-001
  7.1871808e+000  9.2212918e-001
  7.3127258e+000  9.2868637e-001
  7.4371211e+000  9.3131055e-001
  7.5623237e+000  9.2658571e-001
  7.6875849e+000  9.2654551e-001
  7.8125427e+000  9.2497960e-001
  7.9372110e+000  9.4101545e-001
  8.0622579e+000  9.4880667e-001
  8.1875216e+000  9.5123734e-001
  8.3126622e+000  9.5262936e-001
  8.4373187e+000  9.5840032e-001
  8.5624933e+000  9.7793446e-001
  8.6874381e+000  9.7153246e-001
  8.8122717e+000  9.9038134e-001
  8.9371324e+000  9.8309308e-001
  9.0622572e+000  9.8148230e-001
  9.1875071e+000  9.8506099e-001
  9.3125832e+000  9.9127227e-001
  9.4371604e+000  9.8285469e-001
  9.5621603e+000  9.7968267e-001
  9.6874770e+000  9.7840564e-001
  9.8122925e+000  9.8418314e-001
  9.9375393e+000  9.9052718e-001
  1.0062134e+001  9.8987838e-001
  1.0187459e+001  9.9973660e-001
  1.0312516e+001  1.0020448e+000
  1.0437572e+001  9.9610556e-001
  1.0562618e+001  9.9626262e-001
  1.0687502e+001  9.9083008e-001
  1.0812460e+001  9.8964934e-001
  1.0937646e+001  1.0041632e+000
  1.1062607e+001  1.0048896e+000
  1.1187563e+001  9.8528910e-001
  1.1312384e+001  9.8501705e-001
  1.1437649e+001  9.8870699e-001
  1.1562555e+001  9.8819468e-001
  1.1687485e+001  9.9074407e-001
  1.1812495e+001  9.9387309e-001
  1.1937449e+001  1.0007855e+000
  1.2062321e+001  9.9524922e-001
  1.2187654e+001  1.0004995e+000
  1.2312132e+001  9.8991951e-001
  1.2437431e+001  9.9299992e-001
  1.2562519e+001  9.8869390e-001
  1.2687557e+001  9.9499119e-001
  1.2812498e+001  9.8972039e-001
  1.2938018e+001  9.9357860e-001
  1.3062544e+001  9.9426573e-001
  1.3187536e+001  9.8324921e-001
  1.3312556e+001  9.8794507e-001
  1.3437457e+001  9.8270324e-001
  1.3562644e+001  9.8888555e-001
  1.3687537e+001  9.9159106e-001
  1.3812205e+001  9.8558639e-001
  1.3937275e+001  9.8860322e-001
  1.4062163e+001  9.9473036e-001
  1.4187442e+001  9.9575592e-001
  1.4312103e+001  9.9009340e-001
  1.4437344e+001  9.8764871e-001
  1.4562784e+001  9.9336171e-001
  1.4687734e+001  9.9239225e-001
  1.4812699e+001  9.8835267e-001
  1.4937818e+001  9.8953715e-001
  1.5062519e+001  9.8228629e-001
  1.5187232e+001  9.9120964e-001
  1.5312549e+001  9.9336826e-001
  1.5437751e+001  9.9483974e-001
  1.5562602e+001  9.9007377e-001
  1.5687407e+001  9.8824236e-001
  1.5812615e+001  9.9226604e-001
  1.5937667e+001  9.8765152e-001
  1.6062514e+001  9.9521743e-001
  1.6187655e+001  9.9978895e-001
  1.6312785e+001  9.8901830e-001
  1.6437884e+001  9.9432930e-001
  1.6562717e+001  9.9755181e-001
  1.6687734e+001  9.9669920e-001
  1.6812760e+001  9.9623925e-001
  1.6937469e+001  9.8765806e-001
  1.7062546e+001  9.8851627e-001
  1.7187616e+001  9.9436576e-001
  1.7312683e+001  9.9518378e-001
  1.7437727e+001  1.0013988e+000
  1.7562654e+001  9.9746486e-001
  1.7687644e+001  9.8406348e-001
  1.7812555e+001  9.9880453e-001
  1.7937578e+001  1.0000096e+000
  1.8062380e+001  9.8707283e-001
  1.8187943e+001  9.9416383e-001
  1.8312478e+001  9.9613174e-001
  1.8437322e+001  9.9635517e-001
  1.8562269e+001  9.9571852e-001
  1.8687700e+001  1.0006406e+000
  1.8812916e+001  1.0013324e+000
  1.8938918e+001  1.0089367e+000
  1.9063070e+001  1.0040763e+000
  1.9187962e+001  9.9943744e-001
  1.9313071e+001  1.0007416e+000
  1.9437888e+001  9.9867272e-001
  1.9562643e+001  9.9765371e-001
  1.9687821e+001  9.9893448e-001
  1.9812576e+001  9.9754152e-001
  1.9937227e+001  1.0000545e+000
  2.0062587e+001  1.0045680e+000
  2.0187929e+001  1.0027618e+000
  2.0315368e+001  9.9257455e-001
