 -2.1248550e+000  0.0000000e+000
 -1.9978493e+000 -2.6561364e-003
 -1.8751291e+000  3.9362420e-004
 -1.7500163e+000 -3.2002640e-003
 -1.6249666e+000  1.0055610e-003
 -1.5001335e+000 -3.9031643e-004
 -1.3747237e+000  1.4008391e-003
 -1.2499660e+000 -2.8992572e-003
 -1.1251282e+000 -1.9565438e-003
 -1.0000046e+000  4.3993293e-004
 -8.7518106e-001  7.6277092e-003
 -7.5030178e-001  3.3590367e-003
 -6.2527011e-001  3.2895737e-003
 -5.0047785e-001 -1.9433127e-003
 -3.7495925e-001  5.4908922e-004
 -2.5013682e-001  3.0315679e-003
 -1.2544932e-001 -1.4256473e-003
  0.0000000e+000 -1.3231065e-005
  1.2507693e-001 -2.4940558e-003
  2.4990537e-001  1.5348036e-003
  3.7509083e-001 -2.6429053e-003
  4.9984565e-001  4.1330541e-003
  6.2452253e-001 -1.8755035e-003
  7.4983874e-001  2.2327423e-003
  8.7487711e-001 -7.3730112e-003
  9.9976170e-001  8.5671149e-004
  1.1250342e+000  1.0617930e-003
  1.2499728e+000 -2.9687203e-003
  1.3748115e+000 -2.6114815e-003
  1.4998630e+000  4.7301059e-003
  1.6246797e+000  6.0664435e-003
  1.7497790e+000  8.0081024e-003
  1.8745815e+000  3.3128934e-002
  2.0001374e+000  7.4838214e-002
  2.1248758e+000  1.0590310e-001
  2.2500579e+000  1.4563930e-001
  2.3748592e+000  2.1598060e-001
  2.4998037e+000  2.6992366e-001
  2.6245097e+000  2.8351692e-001
  2.7498897e+000  4.5666030e-001
  2.8749166e+000  4.9537771e-001
  3.0001868e+000  5.5178835e-001
  3.1248607e+000  6.3756535e-001
  3.2497653e+000  7.0955723e-001
  3.3749090e+000  7.6817581e-001
  3.4999113e+000  8.2557548e-001
  3.6250120e+000  8.5392966e-001
  3.7497662e+000  8.2316247e-001
  3.8749954e+000  7.9678469e-001
  3.9999207e+000  7.8921486e-001
  4.1246910e+000  8.4342254e-001
  4.2498186e+000  9.1853695e-001
  4.3748173e+000  9.1745035e-001
  4.4999433e+000  9.8072130e-001
  4.6248057e+000  9.6403528e-001
  4.7495721e+000  9.9585268e-001
  4.8746091e+000  9.7947758e-001
  5.0001517e+000  1.0008854e+000
  5.1250177e+000  1.0039203e+000
  5.2500789e+000  1.0132185e+000
  5.3748510e+000  1.0145118e+000
  5.4994663e+000  1.0181255e+000
  5.6248628e+000  1.0222635e+000
  5.7497732e+000  1.0237752e+000
  5.8745554e+000  1.0195032e+000
  6.0001331e+000  1.0179171e+000
  6.1248291e+000  1.0189227e+000
  6.2498396e+000  1.0125834e+000
  6.3746806e+000  1.0036706e+000
  6.4997528e+000  1.0056767e+000
  6.6248715e+000  1.0068113e+000
  6.7497218e+000  1.0089812e+000
  6.8746790e+000  1.0125850e+000
  7.0000616e+000  1.0131407e+000
  7.1250382e+000  1.0110006e+000
  7.2496313e+000  1.0128381e+000
  7.3745849e+000  1.0158713e+000
  7.4997043e+000  1.0130398e+000
  7.6248817e+000  1.0122592e+000
  7.7495481e+000  1.0166536e+000
  7.8748394e+000  1.0137328e+000
  7.9999999e+000  1.0116969e+000
  8.1245869e+000  1.0115530e+000
  8.2498809e+000  1.0052203e+000
  8.3748319e+000  9.9892394e-001
  8.4999423e+000  1.0038939e+000
  8.6247759e+000  1.0084404e+000
  8.7497587e+000  9.9085299e-001
  8.8748155e+000  9.8871452e-001
  9.0001400e+000  9.8400095e-001
  9.1250769e+000  9.8261169e-001
  9.2496728e+000  9.8197495e-001
  9.3749742e+000  9.8950673e-001
  9.4999613e+000  9.8920407e-001
  9.6245968e+000  9.8695644e-001
  9.7500335e+000  9.9308408e-001
  9.8747184e+000  9.8728557e-001
  9.9999464e+000  9.8951335e-001
  1.0124827e+001  9.9584441e-001
  1.0249819e+001  9.9868578e-001
  1.0374949e+001  9.9807550e-001
  1.0499715e+001  9.9776953e-001
  1.0624771e+001  9.9809039e-001
  1.0749909e+001  9.9888260e-001
  1.0874750e+001  1.0011005e+000
  1.1000188e+001  1.0007598e+000
  1.1124940e+001  1.0011071e+000
  1.1249602e+001  9.9948626e-001
  1.1374941e+001  9.9911745e-001
  1.1499842e+001  1.0027560e+000
  1.1624763e+001  1.0024401e+000
  1.1749694e+001  9.9925637e-001
  1.1874871e+001  1.0011683e+000
  1.2000210e+001  1.0006076e+000
  1.2124873e+001  9.9879990e-001
  1.2249598e+001  1.0006870e+000
  1.2374979e+001  1.0027146e+000
  1.2499958e+001  1.0007879e+000
  1.2624572e+001  1.0007713e+000
  1.2749975e+001  1.0031132e+000
  1.2874949e+001  1.0006936e+000
  1.3000281e+001  9.9688305e-001
  1.3125272e+001  9.9917533e-001
  1.3250201e+001  9.9427984e-001
  1.3374900e+001  9.9330570e-001
  1.3500321e+001  9.9489839e-001
  1.3625187e+001  1.0003380e+000
  1.3750315e+001  1.0005282e+000
  1.3875275e+001  1.0004356e+000
  1.4000189e+001  1.0045571e+000
  1.4124901e+001  1.0029826e+000
  1.4249808e+001  1.0019539e+000
  1.4375110e+001  1.0030206e+000
  1.4500100e+001  1.0029511e+000
  1.4624879e+001  1.0026783e+000
  1.4750075e+001  1.0034738e+000
  1.4874707e+001  1.0055957e+000
  1.5000255e+001  1.0016925e+000
  1.5124728e+001  1.0022896e+000
  1.5249622e+001  1.0030669e+000
  1.5375028e+001  1.0032058e+000
  1.5500028e+001  1.0014527e+000
  1.5624767e+001  1.0038806e+000
  1.5749778e+001  1.0032902e+000
  1.5874861e+001  1.0021259e+000
  1.6000233e+001  1.0038624e+000
  1.6124883e+001  1.0044661e+000
  1.6249882e+001  1.0051359e+000
  1.6374549e+001  1.0020713e+000
  1.6499864e+001  1.0050020e+000
  1.6625057e+001  9.9922991e-001
  1.6749914e+001  9.9731141e-001
  1.6874977e+001  9.9537471e-001
  1.7000218e+001  9.9718075e-001
  1.7125168e+001  9.9376713e-001
  1.7249635e+001  9.9688140e-001
  1.7374860e+001  1.0009996e+000
  1.7499956e+001  1.0015205e+000
  1.7624897e+001  1.0025013e+000
  1.7749876e+001  9.9997250e-001
  1.7874781e+001  1.0013601e+000
  1.8000224e+001  9.9867586e-001
  1.8124747e+001  1.0020035e+000
  1.8249842e+001  1.0022896e+000
  1.8375018e+001  1.0022863e+000
  1.8499652e+001  1.0027940e+000
  1.8624846e+001  1.0050813e+000
