 -6.8751883e+000  0.0000000e+000
 -6.7500059e+000 -2.7262186e-003
 -6.6252543e+000  9.7770140e-004
 -6.5005037e+000  5.2722465e-004
 -6.3751494e+000 -2.6110967e-003
 -6.2504241e+000 -1.0260859e-003
 -6.1246013e+000  1.3063826e-003
 -5.9995332e+000 -1.6517481e-003
 -5.8749542e+000 -2.4609378e-003
 -5.7499003e+000  2.2140098e-003
 -5.6254190e+000 -1.0027279e-003
 -5.5002611e+000 -1.4515362e-003
 -5.3749014e+000  9.1763783e-004
 -5.2503265e+000  9.9772259e-004
 -5.1252932e+000 -3.3135068e-003
 -5.0000133e+000 -1.5316210e-003
 -4.8751415e+000  1.6751062e-003
 -4.7499830e+000 -1.7051379e-003
 -4.6251226e+000 -1.7034695e-003
 -4.5003973e+000  1.8135860e-003
 -4.3750991e+000  6.2065686e-004
 -4.2501090e+000 -1.9787609e-003
 -4.1250402e+000  6.4568335e-004
 -4.0003125e+000  1.5049260e-003
 -3.8753439e+000 -2.7045290e-003
 -3.7497667e+000 -1.7885596e-003
 -3.6249248e+000  1.7501856e-003
 -3.5003227e+000 -2.4976433e-003
 -3.3749013e+000 -2.4676116e-003
 -3.2503097e+000  3.3085015e-003
 -3.1250008e+000 -3.2033903e-004
 -3.0000450e+000 -2.5360173e-003
 -2.8749580e+000  3.7039200e-004
 -2.7500804e+000  2.1139039e-003
 -2.6250102e+000 -3.0599051e-003
 -2.5003424e+000 -1.8386125e-003
 -2.3751665e+000  2.2156783e-003
 -2.2499918e+000 -8.8927448e-004
 -2.1251267e+000 -2.3858584e-004
 -1.9999672e+000  5.9663143e-003
 -1.8749838e+000  1.0677968e-003
 -1.7503335e+000 -6.3016693e-003
 -1.6249655e+000 -7.0741535e-004
 -1.5001281e+000  5.0169763e-003
 -1.3751730e+000  4.2761923e-003
 -1.2503489e+000  2.9698097e-003
 -1.1250209e+000  6.0347201e-003
 -9.9997262e-001 -5.5108323e-003
 -8.7493941e-001 -6.1948896e-003
 -7.4987017e-001  2.4142217e-003
 -6.2503363e-001 -2.8963987e-003
 -5.0020617e-001  5.0887189e-004
 -3.7513567e-001  2.7962927e-003
 -2.5008025e-001  2.8313298e-003
 -1.2506310e-001 -2.8763775e-003
  0.0000000e+000 -3.8624211e-003
  1.2498139e-001  1.4148307e-003
  2.5014688e-001  2.5944124e-003
  3.7458420e-001 -1.9737556e-003
  4.9975206e-001  5.2221935e-004
  6.2465495e-001  2.0421613e-003
  7.4988120e-001  3.1228050e-002
  8.7494933e-001  1.8722481e-001
  9.9989161e-001  3.6453080e-001
  1.1562397e+000  8.9311521e-001
  1.2812845e+000  1.3556397e+000
  1.4372764e+000  1.7479900e+000
  1.5625514e+000  2.0382538e+000
  1.6873044e+000  2.0067572e+000
  1.8126441e+000  2.1493180e+000
  1.9684390e+000  2.1275817e+000
  2.0937384e+000  1.9727311e+000
  2.2187659e+000  1.8562162e+000
  2.3435874e+000  1.5779934e+000
  2.4683611e+000  1.4793490e+000
  2.5938041e+000  1.3547021e+000
  2.7184008e+000  1.2985943e+000
  2.8435034e+000  1.2731741e+000
  2.9687761e+000  1.2083922e+000
  3.0939836e+000  1.1496767e+000
  3.2187021e+000  1.0958765e+000
  3.3437894e+000  1.0573290e+000
  3.4684783e+000  1.0355259e+000
  3.5934060e+000  1.0225672e+000
  3.7186584e+000  1.0145387e+000
  3.8439408e+000  9.9740058e-001
  3.9688852e+000  9.8772701e-001
  4.0938709e+000  9.9244367e-001
  4.2188182e+000  9.9239862e-001
  4.3437314e+000  9.9389354e-001
  4.4697536e+000  9.9616261e-001
  4.5935015e+000  1.0076481e+000
  4.7188556e+000  1.0133174e+000
  4.8436099e+000  1.0115322e+000
  4.9687012e+000  1.0123781e+000
  5.0937604e+000  1.0164240e+000
  5.2187221e+000  1.0142718e+000
  5.3436505e+000  1.0139898e+000
  5.4687543e+000  1.0054775e+000
  5.5938237e+000  9.9999666e-001
  5.7185290e+000  9.9624603e-001
  5.8438327e+000  9.9458427e-001
  5.9684257e+000  9.9489793e-001
  6.0938280e+000  9.9682330e-001
  6.2188282e+000  1.0015383e+000
  6.3436268e+000  1.0054341e+000
  6.4687550e+000  1.0107464e+000
  6.5937642e+000  1.0147606e+000
  6.7186362e+000  1.0134809e+000
  6.8436223e+000  1.0141667e+000
  6.9686738e+000  1.0153479e+000
  7.0934753e+000  1.0096636e+000
  7.2184899e+000  1.0054975e+000
  7.3438438e+000  1.0095551e+000
  7.4684579e+000  1.0047317e+000
  7.5947115e+000  9.9819976e-001
  7.7185980e+000  1.0032468e+000
  7.8434421e+000  9.9750403e-001
  7.9691588e+000  1.0024826e+000
  8.0938436e+000  1.0062666e+000
  8.2191322e+000  1.0090496e+000
  8.3439964e+000  1.0079534e+000
  8.4684741e+000  1.0070775e+000
  8.5939386e+000  1.0095034e+000
  8.7185065e+000  1.0063567e+000
  8.8438830e+000  1.0061649e+000
  8.9688104e+000  1.0067955e+000
  9.0938544e+000  1.0075063e+000
  9.2188813e+000  1.0050570e+000
  9.3445659e+000  1.0054675e+000
  9.4695484e+000  1.0066187e+000
  9.5936922e+000  1.0049919e+000
  9.7190495e+000  1.0022073e+000
  9.8442481e+000  1.0021339e+000
  9.9691912e+000  9.9908236e-001
  1.0094213e+001  9.9537177e-001
  1.0218893e+001  9.9868027e-001
  1.0343546e+001  9.9765752e-001
  1.0468605e+001  9.9295254e-001
  1.0593529e+001  9.9577386e-001
  1.0718713e+001  9.9544351e-001
  1.0843920e+001  9.9908737e-001
  1.0968915e+001  9.9754073e-001
  1.1093525e+001  1.0007641e+000
  1.1219116e+001  9.9921751e-001
  1.1344423e+001  9.9934264e-001
  1.1468684e+001  1.0001718e+000
  1.1593604e+001  1.0023024e+000
  1.1719268e+001  9.9825148e-001
  1.1843953e+001  9.9987487e-001
  1.1968903e+001  1.0027546e+000
  1.2093974e+001  1.0009493e+000
  1.2218651e+001  9.9918247e-001
  1.2343941e+001  1.0005122e+000
  1.2469915e+001  9.9913408e-001
  1.2593950e+001  9.9771758e-001
  1.2718590e+001  9.9998832e-001
  1.2843647e+001  1.0025127e+000
  1.2968884e+001  9.9859351e-001
  1.3093858e+001  9.9974974e-001
  1.3219321e+001  1.0022123e+000
  1.3343894e+001  9.9957789e-001
  1.3468999e+001  9.9818141e-001
  1.3593693e+001  1.0008075e+000
