 -3.6236696e+000  0.0000000e+000
 -3.5002880e+000  2.8711813e-003
 -3.3750799e+000  5.0138806e-003
 -3.2499184e+000  2.2887519e-003
 -3.1243539e+000  2.4383668e-003
 -3.0000566e+000  5.3202349e-003
 -2.8751161e+000  1.8808731e-003
 -2.7502109e+000  3.1650678e-003
 -2.6253103e+000  2.0340503e-003
 -2.5000824e+000  9.4043657e-004
 -2.3753100e+000 -1.0971760e-003
 -2.2503412e+000  1.9574617e-003
 -2.1253914e+000  4.4118587e-003
 -2.0004738e+000  3.6121314e-003
 -1.8750545e+000  5.0726579e-003
 -1.7501620e+000  7.8743751e-003
 -1.6250514e+000  5.6782420e-003
 -1.4998160e+000  4.5970962e-003
 -1.3753022e+000  6.8769424e-003
 -1.2501902e+000  7.0782101e-003
 -1.1250100e+000  3.0920414e-003
 -1.0001570e+000  3.0029850e-003
 -8.7540190e-001  7.4504662e-003
 -7.5005957e-001  2.6948495e-003
 -6.2522178e-001  3.2452186e-003
 -5.0010085e-001  8.3926839e-003
 -3.7495967e-001  6.3426034e-003
 -2.5003178e-001 -1.4783378e-004
 -1.2542306e-001  3.9077989e-003
  0.0000000e+000  5.7851098e-003
  1.2465914e-001  1.3946247e-003
  2.4962069e-001  3.8329915e-003
  3.7488773e-001  6.9018782e-003
  5.0005839e-001  3.1935658e-003
  6.2472479e-001  4.1090666e-003
  7.4992799e-001  7.0924591e-003
  8.7491748e-001  3.9256102e-003
  9.9973139e-001  2.8070607e-003
  1.1249081e+000  7.2741344e-003
  1.2498499e+000  8.7506910e-003
  1.3745910e+000  1.4413259e-001
  1.4997107e+000  7.6390701e-001
  1.6250519e+000  1.0629694e+000
  1.7833462e+000  1.2117098e+000
  1.9060519e+000  1.2852295e+000
  2.0308337e+000  1.3570090e+000
  2.1561379e+000  1.2739905e+000
  2.2811510e+000  1.1420159e+000
  2.4065445e+000  1.1250168e+000
  2.5314541e+000  1.0915067e+000
  2.6558610e+000  1.0450744e+000
  2.7812472e+000  1.0245807e+000
  2.9062016e+000  1.0197859e+000
  3.0312262e+000  9.9861896e-001
  3.1559807e+000  1.0554655e+000
  3.2811711e+000  1.0707565e+000
  3.4062410e+000  1.1094604e+000
  3.5309644e+000  1.1174328e+000
  3.6560920e+000  1.1254692e+000
  3.7829445e+000  1.1319401e+000
  3.9061768e+000  1.1167488e+000
  4.0310669e+000  1.1200689e+000
  4.1561965e+000  1.1143283e+000
  4.2813274e+000  1.1067460e+000
  4.4063672e+000  1.1000187e+000
  4.5312554e+000  1.0970513e+000
  4.6559563e+000  1.1017713e+000
  4.7811500e+000  1.0869060e+000
  4.9060389e+000  1.0756172e+000
  5.0310479e+000  1.0758398e+000
  5.1561669e+000  1.0704965e+000
  5.2808659e+000  1.0715954e+000
  5.4064093e+000  1.0708064e+000
  5.5311249e+000  1.0756421e+000
  5.6560412e+000  1.0661469e+000
  5.7809832e+000  1.0518373e+000
  5.9062391e+000  1.0471387e+000
  6.0312534e+000  1.0361687e+000
  6.1559194e+000  1.0270743e+000
  6.2813159e+000  1.0377504e+000
  6.4064609e+000  1.0367173e+000
  6.5308890e+000  1.0233856e+000
  6.6561806e+000  1.0116853e+000
  6.7808023e+000  1.0095693e+000
  6.9061875e+000  1.0015899e+000
  7.0311963e+000  9.9766605e-001
  7.1561390e+000  1.0018945e+000
  7.2811353e+000  9.9601138e-001
  7.4063262e+000  9.7907284e-001
  7.5312188e+000  9.9486077e-001
  7.6561626e+000  1.0048102e+000
  7.7811822e+000  9.9810955e-001
  7.9060808e+000  9.8772200e-001
  8.0311408e+000  9.9491421e-001
  8.1562320e+000  9.8507703e-001
  8.2808316e+000  9.7996340e-001
  8.4064806e+000  9.7548742e-001
  8.5312586e+000  9.8683856e-001
  8.6558806e+000  9.8842733e-001
  8.7813531e+000  1.0062297e+000
  8.9060679e+000  1.0098525e+000
  9.0308376e+000  1.0029257e+000
  9.1562795e+000  1.0046356e+000
  9.2808863e+000  1.0126400e+000
  9.4066627e+000  1.0093449e+000
  9.5310858e+000  1.0084882e+000
  9.6562324e+000  1.0075567e+000
  9.7810223e+000  1.0125705e+000
  9.9061434e+000  9.9685920e-001
  1.0032210e+001  9.9816833e-001
  1.0156030e+001  1.0031715e+000
  1.0281297e+001  9.9972860e-001
  1.0407030e+001  9.9457401e-001
  1.0532437e+001  1.0041422e+000
  1.0656859e+001  1.0030041e+000
  1.0781740e+001  1.0010520e+000
  1.0906269e+001  1.0049348e+000
  1.1031331e+001  1.0092006e+000
  1.1156439e+001  9.9909808e-001
  1.1281105e+001  1.0020298e+000
  1.1406751e+001  9.9558035e-001
  1.1531724e+001  9.9446002e-001
  1.1656473e+001  9.9226745e-001
  1.1781304e+001  1.0035705e+000
  1.1906154e+001  9.9541827e-001
  1.2031296e+001  1.0025891e+000
  1.2156037e+001  1.0022952e+000
  1.2281082e+001  1.0033105e+000
  1.2406300e+001  9.9423916e-001
  1.2531361e+001  9.9695004e-001
