 -2.7494684e+000  0.0000000e+000
 -2.6242743e+000 -6.2592057e-003
 -2.4993407e+000  2.3606945e-002
 -2.3749243e+000 -5.1177847e-004
 -2.2496471e+000 -3.0644674e-003
 -2.1249322e+000 -6.4453070e-003
 -1.9997750e+000  6.0544943e-003
 -1.8751906e+000  6.5476627e-003
 -1.7496295e+000  5.4620720e-003
 -1.6251835e+000  3.3581972e-002
 -1.4998507e+000 -9.5842149e-004
 -1.3750982e+000  4.8975648e-003
 -1.2497203e+000  6.1661551e-003
 -1.1248030e+000 -7.4409487e-003
 -9.9972050e-001 -4.6308197e-003
 -8.7523624e-001  1.8607024e-002
 -7.5006432e-001 -2.0077224e-002
 -6.2473666e-001 -1.2965054e-003
 -5.0007934e-001  5.5799361e-003
 -3.7462471e-001 -3.1823315e-003
 -2.4984041e-001 -1.0784568e-002
 -1.2505584e-001 -9.7517060e-003
  0.0000000e+000  1.0359637e-003
  1.2513183e-001  7.7604225e-003
  2.5032735e-001 -9.6741638e-003
  3.7493885e-001  1.4916016e-002
  5.0016259e-001 -5.1239880e-003
  6.2490987e-001 -4.1066345e-003
  7.4981820e-001  1.8228618e-002
  8.7535790e-001  9.8199432e-003
  1.0002904e+000 -1.3818019e-002
  1.1249807e+000  1.0818687e-002
  1.2501786e+000  9.1127584e-003
  1.3749376e+000 -1.1197092e-002
  1.4998468e+000 -2.9403999e-003
  1.6257527e+000 -1.0753551e-002
  1.7500343e+000  2.0387393e-002
  1.8749139e+000  5.8240389e-002
  2.0001231e+000  5.7545611e-002
  2.1255088e+000  8.6980627e-002
  2.2500977e+000  1.9337472e-001
  2.3751496e+000  2.4020090e-001
  2.4998557e+000  2.5863112e-001
  2.6252602e+000  3.6821685e-001
  2.7500481e+000  3.7665034e-001
  2.8751475e+000  4.1137373e-001
  2.9998255e+000  4.4165861e-001
  3.1252363e+000  4.9776194e-001
  3.2505314e+000  5.3757210e-001
  3.3748777e+000  5.6264614e-001
  3.5002320e+000  6.4977565e-001
  3.6253520e+000  6.6376736e-001
  3.7509985e+000  6.6803529e-001
  3.8760926e+000  7.0107446e-001
  4.0009003e+000  7.5727084e-001
  4.1262936e+000  7.7348957e-001
  4.2511819e+000  8.3940663e-001
  4.3755772e+000  8.2133000e-001
  4.5007293e+000  8.2169289e-001
  4.6254316e+000  8.9668860e-001
  4.7505328e+000  8.7341974e-001
  4.8750519e+000  8.5854094e-001
  5.0002354e+000  8.8907085e-001
  5.1251709e+000  9.1260646e-001
  5.2499735e+000  9.8578148e-001
  5.3753174e+000  9.9266722e-001
  5.4999411e+000  1.0055982e+000
  5.6252816e+000  1.0223845e+000
  5.7506362e+000  1.0123784e+000
  5.8751590e+000  1.0520025e+000
  6.0002208e+000  1.0616363e+000
  6.1249287e+000  1.0513046e+000
  6.2500038e+000  1.0560471e+000
  6.3752929e+000  1.0738043e+000
  6.5002667e+000  1.0761647e+000
  6.6251176e+000  1.0353558e+000
  6.7499590e+000  1.0573374e+000
  6.8759988e+000  1.0583765e+000
  7.0001414e+000  1.0475206e+000
  7.1251775e+000  1.0559975e+000
  7.2500917e+000  1.0626847e+000
  7.3748981e+000  1.0428618e+000
  7.5006044e+000  1.0476726e+000
  7.6251086e+000  1.0561805e+000
  7.7503578e+000  1.0430883e+000
  7.8749958e+000  1.0377596e+000
  8.0000374e+000  1.0372726e+000
  8.1251670e+000  1.0416956e+000
  8.2503016e+000  1.0502159e+000
  8.3749939e+000  1.0265066e+000
  8.5002996e+000  1.0278466e+000
  8.6253413e+000  1.0174001e+000
  8.7500551e+000  1.0029090e+000
  8.8754490e+000  1.0354054e+000
  8.9999292e+000  1.0205142e+000
  9.1252791e+000  1.0111254e+000
  9.2500728e+000  1.0128251e+000
  9.3750445e+000  1.0179460e+000
  9.5003629e+000  1.0053717e+000
  9.6249635e+000  1.0423314e+000
  9.7503399e+000  1.0242331e+000
  9.8752576e+000  1.0190006e+000
  1.0000222e+001  1.0033805e+000
  1.0124872e+001  1.0181135e+000
  1.0250285e+001  1.0253001e+000
  1.0375134e+001  1.0058215e+000
  1.0500274e+001  1.0087154e+000
  1.0625014e+001  1.0107997e+000
  1.0750022e+001  1.0215036e+000
  1.0875247e+001  1.0030300e+000
  1.1000346e+001  1.0072421e+000
  1.1124957e+001  1.0142984e+000
  1.1249833e+001  9.9524162e-001
  1.1375249e+001  1.0022204e+000
  1.1500157e+001  1.0163703e+000
  1.1624981e+001  1.0184205e+000
  1.1750012e+001  1.0196984e+000
  1.1875179e+001  1.0083587e+000
  1.2000297e+001  9.9119392e-001
  1.2125010e+001  1.0099126e+000
  1.2250296e+001  1.0249620e+000
  1.2374971e+001  9.9913734e-001
  1.2500254e+001  1.0043203e+000
  1.2625303e+001  1.0227474e+000
  1.2750279e+001  1.0090317e+000
  1.2875079e+001  1.0034332e+000
  1.3000139e+001  1.0153592e+000
  1.3125574e+001  1.0090720e+000
  1.3250751e+001  9.9789977e-001
  1.3376686e+001  9.7222090e-001
  1.3500662e+001  1.0043172e+000
  1.3625290e+001  1.0156073e+000
  1.3750005e+001  9.8773554e-001
  1.3875356e+001  1.0144814e+000
  1.4000363e+001  1.0142674e+000
  1.4125064e+001  1.0086037e+000
  1.4250191e+001  1.0279272e+000
  1.4374993e+001  1.0010325e+000
  1.4500127e+001  9.9770126e-001
  1.4625156e+001  1.0091806e+000
  1.4750066e+001  1.0018854e+000
  1.4875092e+001  9.9366907e-001
  1.5000062e+001  9.8085600e-001
  1.5125439e+001  9.9501210e-001
  1.5250267e+001  1.0005517e+000
  1.5375038e+001  9.8147944e-001
  1.5500053e+001  9.6852989e-001
  1.5625323e+001  1.0051980e+000
  1.5750327e+001  9.9962431e-001
