 -2.9995219e+000  0.0000000e+000
 -2.8742864e+000  9.1768734e-004
 -2.7496335e+000  5.7345352e-003
 -2.6238440e+000  1.8394173e-003
 -2.4997685e+000 -1.0838413e-002
 -2.3750032e+000  4.9482348e-003
 -2.2500231e+000  3.8567124e-003
 -2.1252032e+000 -1.5503661e-003
 -1.9999614e+000  1.0106689e-005
 -1.8750002e+000  1.2265477e-002
 -1.7499096e+000  5.6597457e-005
 -1.6246090e+000 -1.4836619e-003
 -1.4996582e+000  4.5358819e-003
 -1.3751910e+000  4.9644055e-003
 -1.2498294e+000  2.1244260e-003
 -1.1251835e+000  8.1015217e-003
 -1.0001999e+000  6.1933789e-003
 -8.7492866e-001  1.3462109e-002
 -7.5004170e-001  6.3955126e-003
 -6.2416494e-001  8.3885516e-003
 -5.0016413e-001  1.4383839e-002
 -3.7519140e-001  9.8701922e-003
 -2.4975535e-001  8.2652500e-003
 -1.2522234e-001  1.0403825e-002
  0.0000000e+000 -2.4114559e-003
  1.2526830e-001  8.0206682e-003
  2.5050823e-001  4.6672689e-003
  3.7575488e-001 -1.0929373e-002
  4.9989496e-001  3.4605302e-003
  6.2494228e-001 -7.0746821e-005
  7.4989168e-001 -6.3975340e-003
  8.7486161e-001 -1.4224154e-002
  1.0000944e+000  3.0675822e-002
  1.1249034e+000  2.2031975e-001
  1.2499577e+000  3.1317192e-001
  1.3758440e+000  8.1752803e-001
  1.4998236e+000  9.8367997e-001
  1.6251578e+000  1.2664813e+000
  1.7498392e+000  1.2053480e+000
  1.8751781e+000  1.2550425e+000
  1.9998482e+000  1.2887241e+000
  2.1249115e+000  9.6801056e-001
  2.2501905e+000  9.9995780e-001
  2.3757172e+000  9.8503427e-001
  2.4998079e+000  1.0670804e+000
  2.6250204e+000  1.0807082e+000
  2.7498242e+000  1.0825254e+000
  2.8751996e+000  1.0923026e+000
  3.0002618e+000  1.0800695e+000
  3.1247906e+000  1.0847388e+000
  3.2502907e+000  1.0729301e+000
  3.3760598e+000  1.0733566e+000
  3.5002267e+000  1.0612468e+000
  3.6248296e+000  1.0439179e+000
  3.7502075e+000  1.0211596e+000
  3.8748344e+000  1.0190251e+000
  4.0000137e+000  1.0341730e+000
  4.1248553e+000  1.0177213e+000
  4.2502311e+000  1.0005925e+000
  4.3756842e+000  1.0033597e+000
  4.4998299e+000  1.0111944e+000
  4.6251743e+000  9.9974759e-001
  4.7501132e+000  9.8741338e-001
  4.8749672e+000  1.0015324e+000
  4.9998751e+000  9.9818105e-001
  5.1248249e+000  9.8605909e-001
  5.2501682e+000  9.9408986e-001
  5.3755187e+000  9.9327728e-001
  5.5002046e+000  9.8813298e-001
  5.6248951e+000  9.9951109e-001
  5.7501061e+000  9.9317824e-001
  5.8751188e+000  9.8547088e-001
  6.0002626e+000  9.9241215e-001
  6.1248928e+000  9.9668324e-001
  6.2498501e+000  1.0034143e+000
  6.3754315e+000  1.0044310e+000
  6.5002259e+000  1.0019892e+000
  6.6251293e+000  1.0102848e+000
  6.7499448e+000  1.0008512e+000
  6.8749155e+000  1.0049566e+000
  7.0001685e+000  1.0072629e+000
  7.1251360e+000  9.9718655e-001
  7.2498798e+000  9.9693995e-001
  7.3758254e+000  1.0105820e+000
  7.5000087e+000  1.0138181e+000
  7.6251972e+000  1.0029878e+000
  7.7502022e+000  1.0072003e+000
  7.8750936e+000  1.0067778e+000
  7.9998810e+000  9.9685707e-001
  8.1253476e+000  1.0014657e+000
  8.2498499e+000  1.0007987e+000
  8.3757725e+000  9.9783742e-001
  8.5000679e+000  9.9477914e-001
  8.6250867e+000  1.0064483e+000
  8.7501659e+000  1.0082999e+000
  8.8749810e+000  1.0022823e+000
  9.0002639e+000  1.0083362e+000
  9.1251000e+000  1.0054922e+000
  9.2499686e+000  1.0008755e+000
  9.3762636e+000  1.0044735e+000
  9.5005691e+000  1.0080917e+000
  9.6254250e+000  9.9439508e-001
  9.7510069e+000  9.9597779e-001
  9.8766956e+000  1.0042835e+000
  1.0000790e+001  1.0097512e+000
  1.0125083e+001  1.0019529e+000
  1.0250152e+001  9.9705112e-001
  1.0375556e+001  1.0030969e+000
  1.0500573e+001  9.9682473e-001
  1.0625027e+001  1.0057833e+000
  1.0750256e+001  1.0061411e+000
  1.0875178e+001  9.9311760e-001
  1.0999898e+001  9.9035241e-001
  1.1124985e+001  9.9905831e-001
  1.1250104e+001  1.0024542e+000
  1.1376133e+001  9.9653770e-001
  1.1499921e+001  9.9687526e-001
  1.1625884e+001  1.0007259e+000
  1.1750945e+001  9.9599396e-001
