 -3.5007791e+000  0.0000000e+000
 -3.3744349e+000  3.3554913e-003
 -3.2507591e+000  1.6697613e-002
 -3.1255125e+000  8.2976243e-003
 -2.9998183e+000  7.8165136e-003
 -2.8755212e+000  4.6575611e-003
 -2.7506423e+000  1.2785261e-002
 -2.6260326e+000  8.6866074e-003
 -2.5006654e+000  1.7090690e-002
 -2.3756973e+000  4.0556609e-003
 -2.2508405e+000 -4.4282658e-003
 -2.1255692e+000  1.0371519e-002
 -2.0004730e+000  1.0942710e-002
 -1.8759704e+000  6.4161743e-003
 -1.7507444e+000  1.9545379e-002
 -1.6261360e+000  2.2153613e-002
 -1.5008336e+000  1.8771507e-002
 -1.3757483e+000  1.2257063e-002
 -1.2507362e+000  2.0180035e-002
 -1.1258038e+000  2.6350536e-002
 -1.0002484e+000  1.1692014e-002
 -8.7573924e-001  2.1830143e-002
 -7.5099196e-001  1.9614986e-002
 -6.2579224e-001  1.2592817e-002
 -5.0060650e-001  1.8099999e-002
 -3.7578519e-001  2.3246860e-002
 -2.5058087e-001  1.6826591e-002
 -1.2567854e-001  1.7356837e-002
  0.0000000e+000  2.0503505e-002
  1.2402819e-001  1.7016988e-002
  2.4896991e-001  1.5528616e-002
  3.7411920e-001  1.9606797e-002
  4.9926457e-001  1.8705994e-002
  6.2399998e-001  1.3319601e-002
  7.4900776e-001  1.3583700e-002
  8.7429310e-001  1.7256520e-002
  9.9955385e-001  1.7545186e-002
  1.1243062e+000  4.1739937e-002
  1.2492620e+000  1.9747445e-001
  1.3751249e+000  2.5293730e-001
  1.4989381e+000  2.8916801e-001
  1.6240275e+000  2.6298330e-001
  1.7492822e+000  3.2862932e-001
  1.8742100e+000  3.2794144e-001
  1.9998890e+000  3.6036011e-001
  2.1241159e+000  4.2918965e-001
  2.2493478e+000  4.7664559e-001
  2.3739239e+000  5.1922082e-001
  2.4991189e+000  6.2921911e-001
  2.6241025e+000  9.2104449e-001
  2.7490479e+000  1.0858587e+000
  2.8747302e+000  1.1398127e+000
  2.9996740e+000  1.2162868e+000
  3.1241909e+000  1.1956748e+000
  3.2491850e+000  1.2041833e+000
  3.3741241e+000  1.1914328e+000
  3.5007089e+000  1.1821013e+000
  3.6240670e+000  1.1537240e+000
  3.7492480e+000  1.1666054e+000
  3.8740614e+000  1.1695842e+000
  3.9997561e+000  1.1635509e+000
  4.1244148e+000  1.1645213e+000
  4.2491201e+000  1.1597020e+000
  4.3743888e+000  1.1633810e+000
  4.4991651e+000  1.1693508e+000
  4.6238800e+000  1.1587644e+000
  4.7493475e+000  1.1426400e+000
  4.8740211e+000  1.1390880e+000
  4.9997634e+000  1.1419582e+000
  5.1242993e+000  1.1327660e+000
  5.2490730e+000  1.1148727e+000
  5.3742119e+000  1.0991578e+000
  5.4993702e+000  1.0700721e+000
  5.6243307e+000  1.0413140e+000
  5.7490649e+000  1.0259880e+000
  5.8743488e+000  1.0221781e+000
  5.9997396e+000  1.0190089e+000
  6.1239578e+000  1.0219795e+000
  6.2490066e+000  1.0233778e+000
  6.3741023e+000  1.0213346e+000
  6.4992581e+000  1.0013122e+000
  6.6239389e+000  1.0025938e+000
  6.7490124e+000  1.0010686e+000
  6.8740460e+000  9.8740296e-001
  6.9998917e+000  1.0049952e+000
  7.1243739e+000  1.0049522e+000
  7.2489991e+000  1.0046185e+000
  7.3740615e+000  9.9239832e-001
  7.4992572e+000  1.0005936e+000
  7.6240369e+000  9.9771920e-001
  7.7488896e+000  9.9461962e-001
  7.8742552e+000  1.0072861e+000
  8.0002443e+000  1.0156063e+000
  8.1241399e+000  1.0165808e+000
  8.2490379e+000  1.0186567e+000
  8.3750331e+000  1.0275358e+000
  8.4998722e+000  1.0174263e+000
  8.6247937e+000  1.0116100e+000
  8.7497865e+000  1.0202413e+000
  8.8746695e+000  1.0125702e+000
  9.0000732e+000  1.0069135e+000
  9.1245862e+000  1.0116530e+000
  9.2494334e+000  1.0208596e+000
  9.3743860e+000  1.0159298e+000
  9.5003661e+000  1.0062666e+000
  9.6246696e+000  1.0124637e+000
  9.7490061e+000  1.0069545e+000
  9.8740510e+000  1.0000551e+000
  9.9998762e+000  1.0182309e+000
  1.0124198e+001  1.0128466e+000
  1.0249935e+001  1.0005567e+000
  1.0374772e+001  1.0135344e+000
  1.0499423e+001  1.0153770e+000
  1.0624743e+001  1.0202679e+000
  1.0749798e+001  1.0127954e+000
  1.0874766e+001  1.0181490e+000
  1.1000010e+001  1.0095975e+000
  1.1124462e+001  1.0109569e+000
  1.1249334e+001  1.0181859e+000
  1.1374256e+001  1.0170435e+000
  1.1499118e+001  1.0096385e+000
  1.1624391e+001  1.0167794e+000
  1.1749130e+001  1.0117062e+000
  1.1874284e+001  1.0146031e+000
  1.1999981e+001  1.0024013e+000
  1.2124034e+001  1.0123695e+000
  1.2249282e+001  1.0024750e+000
  1.2374263e+001  9.9698423e-001
  1.2499514e+001  9.9359803e-001
  1.2624316e+001  9.9720943e-001
  1.2748980e+001  9.8754627e-001
  1.2874298e+001  9.9534231e-001
  1.2999810e+001  9.9710707e-001
  1.3124064e+001  9.9227344e-001
  1.3249378e+001  1.0063403e+000
  1.3374029e+001  9.9012175e-001
  1.3499290e+001  9.9016474e-001
  1.3624354e+001  9.7774390e-001
  1.3749330e+001  1.0002763e+000
  1.3874345e+001  1.0045059e+000
  1.3999607e+001  1.0124084e+000
  1.4124261e+001  1.0014841e+000
  1.4249381e+001  1.0093457e+000
  1.4374392e+001  9.9892505e-001
  1.4499413e+001  9.9496152e-001
  1.4624307e+001  1.0047823e+000
  1.4749010e+001  1.0024525e+000
  1.4873992e+001  9.9623902e-001
  1.4999899e+001  1.0034680e+000
  1.5124909e+001  1.0067805e+000
