 -4.1242052e+000  0.0000000e+000
 -3.9997280e+000 -3.9332262e-003
 -3.8749760e+000 -2.1638415e-003
 -3.7496362e+000 -3.0132470e-003
 -3.6247537e+000 -2.3062493e-004
 -3.4997533e+000 -3.3005830e-003
 -3.3750921e+000 -4.0592508e-003
 -3.2496375e+000 -2.0693231e-003
 -3.1247784e+000 -2.9162081e-003
 -2.9997690e+000 -2.8418536e-003
 -2.8747841e+000 -4.4612691e-003
 -2.7500181e+000 -8.0403663e-004
 -2.6246917e+000 -3.1707777e-003
 -2.4997437e+000 -2.1146919e-003
 -2.3749233e+000 -2.8418536e-003
 -2.2497478e+000 -1.7706449e-003
 -2.1248135e+000 -2.7700196e-003
 -1.9998990e+000 -2.6175299e-003
 -1.8747732e+000 -1.5627044e-003
 -1.7498516e+000 -4.0126217e-003
 -1.6248254e+000 -1.4644053e-003
 -1.4995409e+000 -2.7107881e-003
 -1.3747890e+000 -2.0668026e-003
 -1.2497095e+000 -3.0245892e-003
 -1.1250772e+000 -1.8462597e-003
 -9.9963836e-001 -3.3005830e-003
 -8.7472598e-001 -2.3818640e-003
 -7.4965980e-001 -2.1966079e-003
 -6.2461723e-001 -3.2337900e-003
 -4.9958137e-001 -8.1411859e-004
 -3.7478520e-001 -3.1758187e-003
 -2.4994601e-001 -5.9105514e-004
 -1.2501519e-001 -4.2230827e-003
  0.0000000e+000 -9.0737676e-005
  1.2548397e-001 -3.5765767e-003
  2.5036730e-001 -1.4253377e-003
  3.7531209e-001 -3.0548351e-003
  5.0009596e-001 -2.4423558e-003
  6.2520781e-001 -2.6402143e-003
  7.5045292e-001 -2.6603783e-003
  8.7523051e-001 -1.2917516e-003
  1.0003551e+000 -3.5639743e-003
  1.1253265e+000 -2.9111671e-004
  1.2501863e+000 -3.5841382e-003
  1.3752484e+000 -6.5280717e-004
  1.5000052e+000  2.6389541e-003
  1.6254046e+000  1.7668642e-002
  1.7504007e+000  9.0031939e-002
  1.8752295e+000  3.9412036e-001
  2.0003397e+000  5.7166374e-001
  2.1254189e+000  7.9758291e-001
  2.2500288e+000  9.2951045e-001
  2.4064402e+000  8.5310303e-001
  2.5315931e+000  8.1910412e-001
  2.6568843e+000  9.0483232e-001
  2.7816988e+000  9.4920053e-001
  2.9067009e+000  8.4844012e-001
  3.0315419e+000  9.2721933e-001
  3.1565417e+000  9.3855649e-001
  3.2815324e+000  1.0363289e+000
  3.4067078e+000  1.0834746e+000
  3.5316507e+000  1.1240067e+000
  3.6567145e+000  1.2056970e+000
  3.7817988e+000  1.2161583e+000
  3.9067131e+000  1.2597943e+000
  4.0313882e+000  1.2235635e+000
  4.1564095e+000  1.2336795e+000
  4.2819269e+000  1.2267331e+000
  4.4065778e+000  1.2298635e+000
  4.5316060e+000  1.2191539e+000
  4.6565091e+000  1.2234325e+000
  4.7816095e+000  1.2189460e+000
  4.9067359e+000  1.1926321e+000
  5.0314140e+000  1.1753554e+000
  5.1565329e+000  1.1413779e+000
  5.2818343e+000  1.0925837e+000
  5.4066250e+000  1.0850046e+000
  5.5316543e+000  1.0491695e+000
  5.6566166e+000  1.0257718e+000
  5.7814817e+000  1.0429615e+000
  5.9065218e+000  1.0345746e+000
  6.0315526e+000  1.0280869e+000
  6.1568074e+000  1.0121221e+000
  6.2815376e+000  9.8782957e-001
  6.4065369e+000  9.8750191e-001
  6.5318317e+000  9.7254027e-001
  6.6563890e+000  9.7891964e-001
  6.7814447e+000  9.6261458e-001
  6.9064993e+000  9.6117034e-001
  7.0318212e+000  9.7249617e-001
  7.1567375e+000  9.8128890e-001
  7.2816027e+000  9.8840677e-001
  7.4064732e+000  9.9637026e-001
  7.5314662e+000  9.8303560e-001
  7.6562504e+000  9.7677218e-001
  7.7817872e+000  9.8125613e-001
  7.9065566e+000  9.7881882e-001
  8.0316591e+000  9.7895618e-001
  8.1564904e+000  9.7398578e-001
  8.2816097e+000  9.7194292e-001
  8.4065655e+000  9.7173372e-001
  8.5316741e+000  9.7463102e-001
  8.6568009e+000  9.7354721e-001
  8.7817179e+000  9.7525862e-001
  8.9067285e+000  9.7959513e-001
  9.0314590e+000  9.8182324e-001
  9.1566104e+000  9.8515659e-001
  9.2816690e+000  9.8497890e-001
  9.4066830e+000  9.8758130e-001
  9.5315018e+000  9.8670417e-001
  9.6567712e+000  9.9087307e-001
  9.7813879e+000  9.8939732e-001
  9.9065397e+000  9.8934061e-001
  1.0031545e+001  9.9136078e-001
  1.0156702e+001  9.9060589e-001
  1.0281725e+001  9.9095372e-001
  1.0407427e+001  9.9118435e-001
  1.0531746e+001  9.9312260e-001
  1.0656643e+001  9.9063740e-001
  1.0781871e+001  9.9423288e-001
  1.0906603e+001  9.9069537e-001
  1.1031771e+001  9.9528897e-001
  1.1156520e+001  9.9247106e-001
  1.1281823e+001  9.9472690e-001
  1.1406845e+001  9.9621021e-001
  1.1531892e+001  9.9465128e-001
  1.1656775e+001  9.9448745e-001
  1.1781516e+001  9.9513522e-001
  1.1906610e+001  9.9616358e-001
  1.2031640e+001  9.9344019e-001
  1.2156626e+001  9.9705457e-001
  1.2281824e+001  9.9542129e-001
  1.2406536e+001  9.9758009e-001
  1.2531893e+001  9.9577038e-001
  1.2656665e+001  9.9604763e-001
  1.2781757e+001  9.9912641e-001
  1.2906760e+001  9.9714657e-001
  1.3031578e+001  9.9948054e-001
  1.3156626e+001  9.9706213e-001
  1.3281616e+001  9.9821148e-001
  1.3406452e+001  9.9509111e-001
  1.3531816e+001  9.9616232e-001
  1.3656934e+001  9.9581071e-001
  1.3781792e+001  9.9806655e-001
  1.3906695e+001  9.9769982e-001
  1.4031856e+001  9.9690208e-001
  1.4156842e+001  9.9991281e-001
  1.4281819e+001  9.9797077e-001
  1.4406741e+001  9.9947802e-001
  1.4531690e+001  9.9649376e-001
  1.4656800e+001  9.9884286e-001
  1.4781582e+001  9.9766075e-001
  1.4906596e+001  9.9808545e-001
  1.5031623e+001  9.9751834e-001
  1.5156645e+001  9.9952717e-001
  1.5281973e+001  9.9912389e-001
  1.5406547e+001  9.9820013e-001
  1.5531674e+001  1.0004509e+000
  1.5656639e+001  9.9845470e-001
  1.5781740e+001  1.0009084e+000
  1.5906659e+001  9.9780064e-001
  1.6031533e+001  9.9927008e-001
  1.6156687e+001  9.9804008e-001
  1.6281978e+001  9.9994557e-001
  1.6406850e+001  9.9903946e-001
  1.6532027e+001  9.9775905e-001
  1.6656677e+001  9.9971873e-001
  1.6781833e+001  9.9814468e-001
  1.6906590e+001  1.0001132e+000
  1.7031714e+001  9.9612955e-001
  1.7156895e+001  9.9777543e-001
  1.7281564e+001  9.9563805e-001
  1.7406595e+001  9.9822912e-001
  1.7531949e+001  9.9711128e-001
  1.7656873e+001  9.9909743e-001
  1.7781580e+001  1.0008983e+000
  1.7906603e+001  9.9955112e-001
  1.8031582e+001  1.0005606e+000
  1.8156654e+001  9.9751456e-001
  1.8281884e+001  9.9906718e-001
  1.8406863e+001  9.9732426e-001
  1.8531699e+001  1.0004535e+000
  1.8657054e+001  9.9933057e-001
  1.8781811e+001  1.0002052e+000
  1.8907069e+001  1.0012487e+000
  1.9031844e+001  9.9862106e-001
  1.9157403e+001  9.9930915e-001
  1.9282264e+001  9.9866138e-001
  1.9407014e+001  1.0003110e+000
  1.9531689e+001  9.9772628e-001
  1.9656832e+001  1.0011718e+000
  1.9781832e+001  1.0000313e+000
  1.9906711e+001  1.0022531e+000
  2.0031858e+001  1.0017704e+000
  2.0157195e+001  1.0002001e+000
  2.0281845e+001  1.0010697e+000
  2.0406326e+001  9.9970865e-001
  2.0531927e+001  9.9955994e-001
  2.0656798e+001  9.9815224e-001
