 -3.5006268e+000  0.0000000e+000
 -3.3761831e+000  5.4040021e-004
 -3.2509827e+000  2.3041921e-004
 -3.1258733e+000  2.0541408e-003
 -3.0013556e+000 -3.3901589e-003
 -2.8758212e+000 -1.0084715e-003
 -2.7512254e+000 -6.8051162e-003
 -2.6259258e+000  5.4040021e-004
 -2.5011127e+000 -1.0229373e-003
 -2.3760080e+000  1.9818119e-003
 -2.2508912e+000 -3.8230990e-004
 -2.1260459e+000  2.4581493e-003
 -2.0011387e+000 -2.5831750e-004
 -1.8761450e+000 -3.9005943e-003
 -1.7510699e+000 -7.6048672e-004
 -1.6264147e+000 -4.8708348e-003
 -1.5011359e+000  2.0200429e-003
 -1.3761630e+000 -3.2744326e-003
 -1.2508456e+000 -3.6164450e-005
 -1.1259636e+000 -5.6302882e-003
 -1.0011677e+000 -3.3167967e-004
 -8.7616499e-001 -1.0487691e-003
 -7.5145361e-001 -2.2349630e-003
 -6.2611645e-001  1.6532320e-003
 -5.0107402e-001 -2.9964830e-004
 -3.7601483e-001  9.5784129e-004
 -2.5103554e-001 -2.2711275e-003
 -1.2617679e-001  1.0229373e-004
  0.0000000e+000 -3.4717872e-003
  1.2412807e-001  3.1122092e-003
  2.4910107e-001 -2.6999345e-003
  3.7383187e-001 -1.4951417e-003
  4.9916763e-001  1.3887149e-003
  6.2395151e-001  1.4992748e-003
  7.4891837e-001  1.0487691e-003
  8.7395716e-001 -5.3306399e-003
  9.9898576e-001  2.7898290e-005
  1.1239884e+000  1.8535831e-001
  1.2488896e+000  1.3716360e+000
  1.3897736e+000  1.2389331e+000
  1.5145037e+000  1.1990685e+000
  1.6395705e+000  1.1653095e+000
  1.7646391e+000  1.4963765e+000
  1.8895086e+000  1.8363584e+000
  2.0458296e+000  1.8408738e+000
  2.1707834e+000  1.8717645e+000
  2.2957714e+000  1.6561448e+000
  2.4205004e+000  1.5473900e+000
  2.5455541e+000  1.4567970e+000
  2.6708562e+000  1.3923809e+000
  2.7959615e+000  1.3606048e+000
  2.9207003e+000  1.3617496e+000
  3.0459551e+000  1.3701315e+000
  3.1707791e+000  1.3403361e+000
  3.2958678e+000  1.3223893e+000
  3.4207926e+000  1.2899436e+000
  3.5457907e+000  1.2802339e+000
  3.6708562e+000  1.2412704e+000
  3.7956137e+000  1.2211650e+000
  3.9208423e+000  1.1790840e+000
  4.0458213e+000  1.1435106e+000
  4.1705657e+000  1.1207993e+000
  4.2958514e+000  1.1203664e+000
  4.4207644e+000  1.1187307e+000
  4.5458016e+000  1.0988465e+000
  4.6706046e+000  1.1131645e+000
  4.7959636e+000  1.1084755e+000
  4.9205797e+000  1.0934177e+000
  5.0454896e+000  1.0906981e+000
  5.1707093e+000  1.0847682e+000
  5.2957782e+000  1.0791121e+000
  5.4207827e+000  1.0650968e+000
  5.5458861e+000  1.0672450e+000
  5.6709214e+000  1.0553675e+000
  5.7958584e+000  1.0478980e+000
  5.9208585e+000  1.0488238e+000
  6.0456100e+000  1.0489426e+000
  6.1707890e+000  1.0545554e+000
  6.2964463e+000  1.0420528e+000
  6.4208008e+000  1.0449935e+000
  6.5476227e+000  1.0436110e+000
  6.6708645e+000  1.0412603e+000
  6.7956575e+000  1.0356910e+000
  6.9209022e+000  1.0339654e+000
  7.0457272e+000  1.0323153e+000
  7.1709932e+000  1.0219216e+000
  7.2956117e+000  1.0210278e+000
  7.4208728e+000  1.0216994e+000
  7.5459410e+000  1.0188859e+000
  7.6710229e+000  1.0138404e+000
  7.7960604e+000  1.0182204e+000
  7.9206595e+000  1.0115166e+000
  8.0459948e+000  1.0114504e+000
  8.1705316e+000  1.0103490e+000
  8.2956675e+000  1.0049884e+000
  8.4206342e+000  1.0014732e+000
  8.5458202e+000  1.0049016e+000
  8.6707897e+000  1.0083992e+000
  8.7955299e+000  1.0013265e+000
  8.9208649e+000  1.0044149e+000
  9.0455080e+000  1.0076831e+000
  9.1704735e+000  1.0031667e+000
  9.2959967e+000  1.0011260e+000
  9.4209013e+000  1.0058026e+000
  9.5459490e+000  1.0033176e+000
  9.6708244e+000  9.9862239e-001
  9.7960628e+000  1.0037484e+000
  9.9208531e+000  9.9708592e-001
  1.0045674e+001  1.0007344e+000
  1.0170519e+001  1.0044087e+000
  1.0295925e+001  9.9838784e-001
  1.0420876e+001  9.9638536e-001
  1.0545987e+001  9.9948207e-001
  1.0670713e+001  9.9592349e-001
  1.0795480e+001  1.0021748e+000
  1.0920976e+001  1.0017139e+000
  1.1045912e+001  9.9668191e-001
  1.1170753e+001  1.0024724e+000
  1.1296054e+001  9.9369576e-001
  1.1420780e+001  1.0022233e+000
  1.1545773e+001  9.9795903e-001
  1.1670689e+001  9.9826488e-001
  1.1795733e+001  1.0000287e+000
  1.1920768e+001  9.9801483e-001
  1.2045917e+001  9.9816879e-001
  1.2171082e+001  9.9977242e-001
  1.2295622e+001  9.9620557e-001
  1.2420755e+001  9.9844364e-001
  1.2545996e+001  9.9800450e-001
  1.2670728e+001  9.9683897e-001
  1.2796270e+001  9.9983752e-001
  1.2921005e+001  9.9481273e-001
  1.3046097e+001  1.0032049e+000
  1.3170672e+001  9.9689373e-001
  1.3295783e+001  9.9986232e-001
  1.3420998e+001  1.0016240e+000
  1.3546163e+001  9.9786087e-001
  1.3670919e+001  9.9977552e-001
  1.3795996e+001  9.9257776e-001
  1.3920776e+001  1.0022171e+000
  1.4045954e+001  9.9564038e-001
  1.4171043e+001  1.0040915e+000
  1.4295772e+001  9.9977656e-001
  1.4420940e+001  1.0008419e+000
  1.4545754e+001  1.0033992e+000
  1.4670963e+001  1.0022275e+000
  1.4795992e+001  1.0022709e+000
  1.4921314e+001  9.9863996e-001
  1.5046151e+001  1.0039975e+000
  1.5171148e+001  1.0004079e+000
  1.5296017e+001  1.0045069e+000
  1.5420935e+001  9.9974452e-001
  1.5546139e+001  1.0027369e+000
  1.5670581e+001  9.9778544e-001
  1.5796480e+001  1.0002953e+000
  1.5920915e+001  9.9887658e-001
  1.6046360e+001  9.9850357e-001
  1.6171157e+001  1.0017212e+000
  1.6296382e+001  9.9605885e-001
  1.6421382e+001  1.0015166e+000
  1.6546344e+001  9.9517127e-001
  1.6671937e+001  1.0033837e+000
  1.6796035e+001  9.9566001e-001
  1.6921092e+001  9.9963396e-001
