 -4.1245781e+000  0.0000000e+000
 -3.9997676e+000 -4.7388378e-003
 -3.8749935e+000  8.9948738e-004
 -3.7495479e+000  2.4293847e-004
 -3.6250342e+000 -2.0726649e-003
 -3.5000638e+000 -3.4134393e-004
 -3.3750721e+000 -3.9946465e-003
 -3.2501347e+000 -2.3217537e-004
 -3.1248800e+000 -4.3236898e-003
 -3.0000940e+000 -1.7220955e-004
 -2.8747696e+000 -5.9550677e-003
 -2.7498628e+000  1.0363325e-003
 -2.6250410e+000 -6.8422544e-004
 -2.4999976e+000 -2.4708995e-003
 -2.3750421e+000 -1.2915716e-004
 -2.2499017e+000 -3.1643505e-003
 -2.1249445e+000 -1.7313210e-003
 -2.0000760e+000 -5.1924254e-003
 -1.8749273e+000 -3.1366739e-004
 -1.7499473e+000 -3.2719814e-003
 -1.6250437e+000  1.0148063e-003
 -1.4999739e+000 -1.8958426e-003
 -1.3751091e+000 -1.9527333e-003
 -1.2502379e+000 -2.1280180e-003
 -1.1247706e+000 -2.2294986e-004
 -1.0000239e+000 -1.5114463e-003
 -8.7506597e-001 -2.9844530e-003
 -7.4998107e-001  5.9827443e-003
 -6.2509299e-001 -4.4958993e-003
 -4.9998631e-001  3.5625851e-003
 -3.7481761e-001 -2.9967537e-003
 -2.4997898e-001  5.0186783e-003
 -1.2488165e-001  4.9018218e-003
  0.0000000e+000  3.1259108e-003
  1.2507958e-001 -1.8082003e-003
  2.5010818e-001 -3.7824597e-004
  3.7509851e-001 -2.0434508e-003
  5.0028160e-001 -2.8998858e-003
  6.2533856e-001 -1.3669133e-003
  7.5011377e-001 -3.4103641e-003
  8.7511918e-001  2.2894645e-003
  1.0002348e+000 -4.2744870e-003
  1.1247903e+000 -2.1341683e-003
  1.2506338e+000 -3.7132684e-003
  1.3749211e+000 -2.0126991e-003
  1.5003925e+000 -3.5364461e-004
  1.6250991e+000  7.0113888e-003
  1.7500371e+000  4.8958252e-002
  1.8749820e+000  3.2215025e-001
  2.0000550e+000  7.1327965e-001
  2.1251975e+000  1.1116803e+000
  2.2813574e+000  1.2297653e+000
  2.4065214e+000  1.2005758e+000
  2.5315257e+000  1.2044090e+000
  2.6564932e+000  1.1046228e+000
  2.7815488e+000  1.1998593e+000
  2.9064213e+000  1.1949759e+000
  3.0315892e+000  1.1792003e+000
  3.1562612e+000  1.1766033e+000
  3.2815636e+000  1.2205998e+000
  3.4063360e+000  1.2272421e+000
  3.5316526e+000  1.2258076e+000
  3.6565793e+000  1.2033127e+000
  3.7813508e+000  1.1746721e+000
  3.9063040e+000  1.1544436e+000
  4.0313152e+000  1.1639674e+000
  4.1563707e+000  1.1652790e+000
  4.2812225e+000  1.1298115e+000
  4.4064260e+000  1.1267087e+000
  4.5316029e+000  1.1189054e+000
  4.6564763e+000  1.1002653e+000
  4.7814008e+000  1.1008234e+000
  4.9064494e+000  1.1107931e+000
  5.0313302e+000  1.1060558e+000
  5.1565107e+000  1.0980511e+000
  5.2816850e+000  1.0874664e+000
  5.4062664e+000  1.0686187e+000
  5.5317352e+000  1.0613997e+000
  5.6565957e+000  1.0343105e+000
  5.7816256e+000  1.0358097e+000
  5.9064039e+000  1.0145080e+000
  6.0315399e+000  1.0110377e+000
  6.1562531e+000  9.9527125e-001
  6.2816512e+000  9.8740035e-001
  6.4063987e+000  9.9966260e-001
  6.5313485e+000  9.9993321e-001
  6.6563357e+000  1.0024625e+000
  6.7815411e+000  9.9702564e-001
  6.9065423e+000  9.9863241e-001
  7.0313958e+000  9.9591550e-001
  7.1565238e+000  9.9890918e-001
  7.2813175e+000  9.9281573e-001
  7.4065662e+000  9.9085069e-001
  7.5316444e+000  9.9391664e-001
  7.6560851e+000  9.9410884e-001
  7.7816436e+000  9.9880001e-001
  7.9063993e+000  9.9445172e-001
  8.0313649e+000  1.0014062e+000
  8.1564531e+000  9.9752382e-001
  8.2814299e+000  1.0008988e+000
  8.4071153e+000  9.9642137e-001
  8.5314293e+000  9.9801892e-001
  8.6564633e+000  9.9987171e-001
  8.7815092e+000  9.9526818e-001
  8.9063367e+000  9.9935969e-001
  9.0313939e+000  9.9449785e-001
  9.1563964e+000  9.9786362e-001
  9.2813225e+000  9.9358606e-001
  9.4066968e+000  1.0018352e+000
  9.5313375e+000  9.9485764e-001
  9.6565807e+000  9.9896146e-001
  9.7814580e+000  9.9944118e-001
  9.9064079e+000  9.9733008e-001
  1.0031468e+001  9.9691954e-001
  1.0156455e+001  9.9510827e-001
  1.0281554e+001  9.9868315e-001
  1.0406419e+001  9.9543885e-001
  1.0531632e+001  1.0008604e+000
  1.0656406e+001  9.9494528e-001
  1.0781475e+001  1.0009772e+000
  1.0906477e+001  9.9687034e-001
  1.1031287e+001  9.9832336e-001
  1.1156542e+001  9.9891687e-001
  1.1281588e+001  9.9612154e-001
  1.1406505e+001  1.0011525e+000
  1.1531399e+001  9.9540195e-001
  1.1656468e+001  1.0011402e+000
  1.1781508e+001  9.9703333e-001
  1.1906429e+001  1.0029869e+000
  1.2031804e+001  9.9834950e-001
  1.2156517e+001  1.0005129e+000
  1.2281388e+001  9.9965491e-001
  1.2406861e+001  9.9864471e-001
  1.2531627e+001  1.0002023e+000
  1.2657003e+001  9.9737928e-001
  1.2781611e+001  1.0027178e+000
  1.2906343e+001  9.9584938e-001
  1.3031477e+001  1.0026747e+000
  1.3156751e+001  9.9651208e-001
  1.3281530e+001  1.0023964e+000
  1.3407099e+001  9.9849096e-001
  1.3531671e+001  1.0004468e+000
  1.3656285e+001  1.0002776e+000
  1.3782026e+001  9.9893071e-001
  1.3906651e+001  1.0005467e+000
  1.4031379e+001  9.9693646e-001
  1.4156536e+001  1.0030576e+000
  1.4281334e+001  9.9916134e-001
  1.4406843e+001  1.0037095e+000
  1.4531523e+001  1.0013063e+000
  1.4656468e+001  1.0031114e+000
  1.4781739e+001  9.9924745e-001
  1.4906568e+001  1.0006989e+000
  1.5031453e+001  9.9871544e-001
  1.5156460e+001  9.9731470e-001
  1.5281504e+001  1.0013924e+000
  1.5406494e+001  9.9566795e-001
  1.5531490e+001  1.0018998e+000
  1.5656527e+001  9.9646903e-001
  1.5781642e+001  1.0038402e+000
  1.5906614e+001  9.9866624e-001
  1.6031506e+001  1.0012494e+000
  1.6156520e+001  1.0013355e+000
  1.6281502e+001  9.9657820e-001
  1.6406594e+001  1.0023995e+000
  1.6531642e+001  9.9695183e-001
  1.6656520e+001  1.0012248e+000
  1.6782542e+001  1.0004345e+000
  1.6907105e+001  1.0024948e+000
  1.7031906e+001  1.0011264e+000
  1.7157059e+001  1.0034558e+000
  1.7282237e+001  9.9854016e-001
  1.7407420e+001  9.9897530e-001
  1.7532215e+001  1.0007358e+000
  1.7656945e+001  9.9756072e-001
  1.7782065e+001  1.0001454e+000
  1.7906972e+001  9.9679192e-001
