 -3.1243292e+000  0.0000000e+000
 -2.9996965e+000  2.3041135e-003
 -2.8749915e+000 -2.4193192e-003
 -2.7496802e+000 -1.5141317e-003
 -2.6249606e+000  5.2802601e-004
 -2.4997880e+000 -1.9982699e-003
 -2.3749178e+000 -4.1282033e-004
 -2.2498618e+000 -1.0821104e-003
 -2.1248477e+000 -6.0181250e-003
 -1.9997472e+000 -5.0745357e-004
 -1.8746226e+000  1.7198561e-003
 -1.7498809e+000 -7.7777545e-003
 -1.6248476e+000 -8.7515168e-003
 -1.4999522e+000  7.5843736e-004
 -1.3747353e+000 -2.2204522e-003
 -1.2498189e+000 -6.7038731e-003
 -1.1250419e+000 -3.0954668e-003
 -1.0000979e+000  2.9363732e-003
 -8.7507127e-001 -5.7890852e-003
 -7.4985662e-001  3.8950490e-003
 -6.2482215e-001  1.4675009e-004
 -4.9985487e-001 -4.4025026e-004
 -3.7449061e-001  1.8583773e-003
 -2.4988623e-001 -4.6095985e-003
 -1.2462394e-001  3.3683945e-003
  0.0000000e+000 -3.1228967e-003
  1.2549416e-001  2.5125809e-003
  2.5018026e-001 -7.6899788e-003
  3.7499277e-001  3.4287403e-005
  5.0034083e-001  8.2564067e-004
  6.2501798e-001  3.0858663e-003
  7.5025345e-001  1.1519196e-002
  8.7509683e-001  1.9550266e-001
  1.0000355e+000  3.8230866e-001
  1.1249916e+000  5.6475056e-001
  1.2502339e+000  7.7963246e-001
  1.3750417e+000  8.2754293e-001
  1.5001715e+000  8.9699961e-001
  1.6563982e+000  9.7702093e-001
  1.7814479e+000  1.1038747e+000
  1.9062523e+000  1.1801038e+000
  2.0314797e+000  1.2942013e+000
  2.1564714e+000  1.2796210e+000
  2.2814901e+000  1.3091767e+000
  2.4062435e+000  1.2948830e+000
  2.5314652e+000  1.3111681e+000
  2.6565784e+000  1.3096513e+000
  2.7813511e+000  1.2506701e+000
  2.9065110e+000  1.2250711e+000
  3.0311440e+000  1.1958171e+000
  3.1562301e+000  1.1636075e+000
  3.2813721e+000  1.1793056e+000
  3.4063339e+000  1.1644715e+000
  3.5314931e+000  1.1558105e+000
  3.6564677e+000  1.1445464e+000
  3.7816146e+000  1.1422533e+000
  3.9063350e+000  1.1561328e+000
  4.0313375e+000  1.1695762e+000
  4.1563526e+000  1.1486568e+000
  4.2814235e+000  1.1355453e+000
  4.4065809e+000  1.1421120e+000
  4.5312907e+000  1.1367111e+000
  4.6564086e+000  1.1203423e+000
  4.7814685e+000  1.0735208e+000
  4.9062442e+000  1.0527796e+000
  5.0317915e+000  1.0434672e+000
  5.1564640e+000  1.0433931e+000
  5.2813267e+000  1.0326269e+000
  5.4063508e+000  1.0124192e+000
  5.5315797e+000  1.0096529e+000
  5.6566304e+000  9.9710786e-001
  5.7814527e+000  9.8275104e-001
  5.9063004e+000  9.7143345e-001
  6.0313642e+000  9.6223894e-001
  6.1563702e+000  9.6435379e-001
  6.2815099e+000  9.7317662e-001
  6.4064802e+000  9.7625289e-001
  6.5315120e+000  9.7179278e-001
  6.6565242e+000  9.7508163e-001
  6.7813235e+000  9.7037877e-001
  6.9064438e+000  9.6694043e-001
  7.0314783e+000  9.6490650e-001
  7.1565705e+000  9.6544687e-001
  7.2814430e+000  9.6377364e-001
  7.4066094e+000  9.6414121e-001
  7.5315090e+000  9.7253065e-001
  7.6564299e+000  9.7906583e-001
  7.7816175e+000  9.8175944e-001
  7.9064753e+000  9.8706439e-001
  8.0316779e+000  9.9117614e-001
  8.1565312e+000  9.8990339e-001
  8.2814570e+000  9.9128448e-001
  8.4064677e+000  9.9466248e-001
  8.5314702e+000  9.9320184e-001
  8.6564115e+000  9.9708180e-001
  8.7814622e+000  9.9615741e-001
  8.9063111e+000  9.9794310e-001
  9.0314603e+000  9.9272593e-001
  9.1564477e+000  9.9548949e-001
  9.2814326e+000  9.9629319e-001
  9.4065204e+000  9.9858770e-001
  9.5312758e+000  1.0006312e+000
  9.6564693e+000  9.9479689e-001
  9.7815854e+000  9.9616838e-001
  9.9065043e+000  9.9075646e-001
  1.0031438e+001  9.9468717e-001
  1.0156390e+001  9.9572127e-001
  1.0281354e+001  9.9850816e-001
  1.0406573e+001  9.9934477e-001
  1.0531567e+001  9.9647834e-001
  1.0656615e+001  9.9657435e-001
  1.0781492e+001  9.9719838e-001
  1.0906350e+001  9.9760434e-001
  1.1031330e+001  9.9644131e-001
  1.1156503e+001  9.9333899e-001
  1.1281411e+001  9.8625247e-001
  1.1406589e+001  9.9792527e-001
  1.1531302e+001  9.9518776e-001
  1.1656213e+001  9.9846838e-001
  1.1781589e+001  9.9671287e-001
  1.1906437e+001  9.9868508e-001
  1.2031658e+001  9.9673893e-001
  1.2156424e+001  9.9159033e-001
  1.2281380e+001  9.9797053e-001
  1.2406350e+001  9.9706946e-001
  1.2531489e+001  1.0025404e+000
  1.2656469e+001  1.0009864e+000
  1.2781453e+001  1.0003350e+000
  1.2906516e+001  1.0006518e+000
  1.3031436e+001  9.9286582e-001
  1.3156503e+001  9.9697071e-001
  1.3281529e+001  9.9999349e-001
  1.3406955e+001  1.0040600e+000
  1.3531739e+001  1.0014980e+000
  1.3656950e+001  1.0028201e+000
  1.3781627e+001  1.0008520e+000
  1.3906489e+001  9.9698031e-001
  1.4032580e+001  9.9882771e-001
  1.4156744e+001  1.0027036e+000
  1.4281792e+001  1.0038926e+000
  1.4406977e+001  1.0007725e+000
  1.4533028e+001  1.0039681e+000
  1.4656885e+001  9.9596540e-001
  1.4782579e+001  1.0011990e+000
  1.4906741e+001  9.9824071e-001
  1.5031976e+001  1.0030039e+000
  1.5157074e+001  1.0031438e+000
  1.5281660e+001  1.0011236e+000
  1.5406766e+001  9.9694602e-001
  1.5531928e+001  9.9845741e-001
  1.5656839e+001  1.0009357e+000
  1.5781946e+001  9.9872485e-001
  1.5906652e+001  1.0072295e+000
  1.6032683e+001  9.9672932e-001
  1.6156669e+001  9.9471597e-001
  1.6281806e+001  9.9434978e-001
  1.6406850e+001  1.0033303e+000
  1.6532134e+001  1.0039283e+000
  1.6657365e+001  1.0036513e+000
  1.6781863e+001  1.0000442e+000
  1.6906987e+001  9.9368597e-001
