 -3.4997796e+000  0.0000000e+000
 -3.3748619e+000 -1.4942944e-002
 -3.2503739e+000 -1.4851312e-003
 -3.1255169e+000 -1.1983055e-002
 -3.0004684e+000 -4.0508294e-003
 -2.8753780e+000 -8.7206076e-003
 -2.7497664e+000 -1.0641423e-002
 -2.6253719e+000 -2.4464036e-003
 -2.5002132e+000 -7.3478554e-003
 -2.3753523e+000 -4.8928072e-004
 -2.2506085e+000 -1.2404909e-002
 -2.1253358e+000 -1.0228215e-002
 -2.0003079e+000 -5.4979247e-003
 -1.8756712e+000 -5.1953660e-003
 -1.7503206e+000 -4.6092664e-003
 -1.6253722e+000 -9.6334706e-003
 -1.5001907e+000 -2.4706083e-003
 -1.3754877e+000 -1.2116181e-002
 -1.2502884e+000 -7.9668041e-003
 -1.1253513e+000 -9.9170114e-003
 -1.0003174e+000 -1.3995503e-002
 -8.7528331e-001 -9.7320183e-003
 -7.5026742e-001 -4.5625860e-003
 -6.2529986e-001 -3.2486165e-003
 -5.0031610e-001 -7.8181181e-003
 -3.7558517e-001 -9.2323641e-003
 -2.5035025e-001 -2.1473027e-003
 -1.2538046e-001 -3.1639001e-004
  0.0000000e+000 -1.2946057e-002
  1.2469266e-001 -6.4453658e-003
  2.4966064e-001 -6.4903174e-003
  3.7482152e-001 -5.3025582e-003
  4.9971519e-001 -9.6870667e-003
  6.2460606e-001 -6.8067074e-003
  7.4951830e-001 -5.0017284e-003
  8.7480741e-001  9.6040792e-003
  9.9962356e-001  8.9107874e-003
  1.1246373e+000  5.6528348e-002
  1.2497548e+000  1.6146437e-001
  1.3746426e+000  3.7921331e-001
  1.4995048e+000  4.8715935e-001
  1.6246175e+000  4.8126378e-001
  1.7496594e+000  5.5144704e-001
  1.8744470e+000  5.7930319e-001
  1.9994463e+000  5.1722851e-001
  2.1248928e+000  5.1711267e-001
  2.2494960e+000  6.1080733e-001
  2.3743460e+000  8.0141589e-001
  2.4996353e+000  8.8191726e-001
  2.6245327e+000  8.9487715e-001
  2.7500998e+000  9.5316207e-001
  2.8745550e+000  9.8201753e-001
  2.9996025e+000  9.8788198e-001
  3.1245087e+000  1.0124100e+000
  3.2494623e+000  1.0004892e+000
  3.3747138e+000  9.9550473e-001
  3.4995548e+000  1.0144605e+000
  3.6245866e+000  1.0721368e+000
  3.7496500e+000  1.1011323e+000
  3.8746670e+000  1.1223097e+000
  3.9997898e+000  1.1133142e+000
  4.1245248e+000  1.1138553e+000
  4.2496203e+000  1.1103837e+000
  4.3747057e+000  1.0882364e+000
  4.4997641e+000  1.0675863e+000
  4.6244612e+000  1.0333868e+000
  4.7498295e+000  1.0204978e+000
  4.8748495e+000  1.0202782e+000
  4.9998653e+000  1.0254459e+000
  5.1248596e+000  1.0182312e+000
  5.2500196e+000  1.0079425e+000
  5.3747209e+000  1.0049290e+000
  5.4996783e+000  1.0040784e+000
  5.6246171e+000  1.0112827e+000
  5.7496784e+000  1.0177333e+000
  5.8742748e+000  1.0015248e+000
  5.9996765e+000  1.0070936e+000
  6.1244907e+000  1.0110908e+000
  6.2495902e+000  1.0014193e+000
  6.3747552e+000  9.9403689e-001
  6.4997113e+000  9.9976649e-001
  6.6247012e+000  1.0089971e+000
  6.7493661e+000  9.9881386e-001
  6.8744895e+000  9.9902479e-001
  6.9998848e+000  1.0034750e+000
  7.1246874e+000  9.9143143e-001
  7.2497220e+000  1.0023789e+000
  7.3748658e+000  9.9553758e-001
  7.4997181e+000  9.9449851e-001
  7.6244823e+000  9.9662852e-001
  7.7492493e+000  9.9113579e-001
  7.8746236e+000  1.0021092e+000
  7.9997567e+000  9.9609948e-001
  8.1246660e+000  9.9917520e-001
  8.2496551e+000  1.0078042e+000
  8.3743472e+000  1.0019951e+000
  8.4998364e+000  1.0166181e+000
  8.6247853e+000  1.0243308e+000
  8.7497453e+000  1.0057935e+000
  8.8748000e+000  1.0109041e+000
  8.9995752e+000  1.0251814e+000
  9.1247286e+000  1.0314850e+000
  9.2496671e+000  1.0266216e+000
  9.3747985e+000  1.0294864e+000
  9.4997660e+000  1.0307468e+000
  9.6248397e+000  1.0220884e+000
  9.7499258e+000  1.0212188e+000
  9.8746429e+000  1.0295469e+000
  9.9996709e+000  1.0301538e+000
  1.0124625e+001  1.0224480e+000
  1.0249687e+001  1.0306292e+000
  1.0374654e+001  1.0187931e+000
  1.0499708e+001  1.0239089e+000
  1.0624758e+001  1.0118394e+000
  1.0749817e+001  1.0138450e+000
  1.0874847e+001  1.0099359e+000
  1.0999925e+001  9.9989789e-001
  1.1124714e+001  1.0099428e+000
  1.1250151e+001  1.0060061e+000
  1.1374978e+001  9.9583495e-001
  1.1500593e+001  1.0037689e+000
  1.1624757e+001  9.9611850e-001
  1.1749855e+001  9.9911988e-001
  1.1874711e+001  9.9853551e-001
  1.2000227e+001  1.0008194e+000
  1.2124904e+001  9.9807043e-001
  1.2249826e+001  9.9684637e-001
  1.2374804e+001  9.9198641e-001
  1.2500000e+001  9.9500854e-001
  1.2625430e+001  9.9936020e-001
  1.2750157e+001  1.0006016e+000
  1.2875024e+001  9.8957285e-001
  1.3000212e+001  9.9124471e-001
  1.3125378e+001  1.0003854e+000
  1.3250184e+001  9.9752237e-001
  1.3374966e+001  1.0031033e+000
  1.3501300e+001  9.9862714e-001
  1.3624629e+001  9.9542693e-001
  1.3750275e+001  1.0025448e+000
  1.3874859e+001  9.9987714e-001
  1.4000069e+001  1.0025777e+000
  1.4125453e+001  9.9635881e-001
  1.4234171e+001  1.0018429e+000
  1.4359316e+001  1.0001278e+000
  1.4484520e+001  9.9769007e-001
  1.4609479e+001  9.9892797e-001
  1.4734288e+001  1.0000258e+000
  1.4859449e+001  1.0040611e+000
  1.4984197e+001  1.0010338e+000
  1.5109262e+001  9.9728032e-001
  1.5234665e+001  1.0048720e+000
  1.5359420e+001  1.0043256e+000
  1.5484531e+001  1.0009698e+000
  1.5609361e+001  1.0064159e+000
  1.5734562e+001  1.0071247e+000
  1.5859553e+001  1.0070867e+000
  1.5984500e+001  1.0037689e+000
  1.6110234e+001  1.0040473e+000
  1.6234599e+001  1.0008332e+000
  1.6359504e+001  9.9912161e-001
  1.6484086e+001  9.9777825e-001
  1.6608883e+001  9.9488406e-001
  1.6734552e+001  9.9691033e-001
  1.6859098e+001  9.9456939e-001
  1.6984432e+001  9.9736677e-001
  1.7109131e+001  9.9450197e-001
  1.7234344e+001  9.9029554e-001
