 -3.3748886e+000  0.0000000e+000
 -3.2497797e+000  2.7629804e-004
 -3.1253296e+000  7.6895645e-004
 -2.9999746e+000 -2.2074605e-004
 -2.8750046e+000  1.3887997e-003
 -2.7500878e+000 -9.0783642e-004
 -2.6247946e+000  1.1461252e-003
 -2.4999825e+000 -2.4150495e-003
 -2.3751716e+000  1.8185966e-003
 -2.2501134e+000 -1.2016772e-003
 -2.1251701e+000  1.6095457e-003
 -2.0000135e+000 -1.7191878e-003
 -1.8751872e+000 -3.9032580e-004
 -1.7498499e+000  1.1490490e-003
 -1.6247742e+000  3.4646897e-004
 -1.4998926e+000  1.9911002e-003
 -1.3751059e+000 -3.1430730e-004
 -1.2501596e+000  1.2601530e-003
 -1.1248318e+000  6.5346680e-003
 -1.0001524e+000  4.3900689e-003
 -8.7491148e-001 -4.7511568e-004
 -7.4988302e-001  9.0052695e-004
 -6.2507120e-001  1.2806195e-003
 -5.0008269e-001  2.4749872e-003
 -3.7479303e-001  8.8298422e-004
 -2.5004924e-001  2.0393427e-003
 -1.2507595e-001  1.1929058e-003
  0.0000000e+000  1.2601530e-003
  1.2513727e-001  1.1344301e-003
  2.4992869e-001 -1.9750193e-003
  3.7483898e-001  1.9940240e-003
  4.9997402e-001 -2.9968835e-004
  6.2508070e-001  2.0890471e-003
  7.4991724e-001 -1.3040098e-003
  8.7481719e-001  6.6370006e-004
  1.0001490e+000  6.2276701e-003
  1.1250810e+000  5.8256492e-003
  1.2501730e+000  8.4063314e-002
  1.3750783e+000  8.0676397e-001
  1.4999515e+000  1.1186533e+000
  1.6564083e+000  1.5487675e+000
  1.7812937e+000  1.4496481e+000
  1.9062726e+000  1.3810063e+000
  2.0312636e+000  1.5854566e+000
  2.1563347e+000  1.6731294e+000
  2.2813599e+000  1.5754544e+000
  2.4062557e+000  1.8311528e+000
  2.5627460e+000  2.0067351e+000
  2.6874984e+000  2.1022933e+000
  2.8127188e+000  2.1625570e+000
  2.9374204e+000  2.1747536e+000
  3.0625600e+000  2.1181812e+000
  3.1875755e+000  1.8541455e+000
  3.3124811e+000  1.8182209e+000
  3.4376214e+000  1.7936626e+000
  3.5627591e+000  1.7722400e+000
  3.6874054e+000  1.6905391e+000
  3.8126835e+000  1.6367443e+000
  3.9374194e+000  1.5790111e+000
  4.0622115e+000  1.5840240e+000
  4.1877325e+000  1.5149699e+000
  4.3123260e+000  1.3460831e+000
  4.4375120e+000  1.2893280e+000
  4.5625462e+000  1.2491917e+000
  4.6875300e+000  1.1662862e+000
  4.8124700e+000  1.1097971e+000
  4.9376020e+000  1.0892692e+000
  5.0623486e+000  1.0754119e+000
  5.1876638e+000  1.0365138e+000
  5.3125780e+000  1.0511401e+000
  5.4374317e+000  1.0535069e+000
  5.5625061e+000  1.0344467e+000
  5.6876866e+000  1.0180676e+000
  5.8126657e+000  1.0136498e+000
  5.9376788e+000  1.0038566e+000
  6.0626222e+000  1.0008597e+000
  6.1875280e+000  9.9269501e-001
  6.3124665e+000  9.8711057e-001
  6.4376009e+000  9.8935165e-001
  6.5624873e+000  9.8154660e-001
  6.6875765e+000  9.8154367e-001
  6.8125872e+000  9.7862281e-001
  6.9377960e+000  9.8692783e-001
  7.0623673e+000  9.8611502e-001
  7.1878060e+000  9.9313357e-001
  7.3126347e+000  9.9342595e-001
  7.4377735e+000  9.9506474e-001
  7.5628359e+000  9.9565534e-001
  7.6874427e+000  9.8815875e-001
  7.8125079e+000  9.8548787e-001
  7.9377232e+000  9.8432858e-001
  8.0625670e+000  9.8951538e-001
  8.1876229e+000  9.8816459e-001
  8.3126497e+000  9.8977122e-001
  8.4377531e+000  9.8410345e-001
  8.5626894e+000  9.8937358e-001
  8.6878774e+000  9.8449232e-001
  8.8124723e+000  9.8991741e-001
  8.9377234e+000  9.9318913e-001
  9.0627190e+000  9.9258390e-001
  9.1876484e+000  9.9567435e-001
  9.3126372e+000  9.9376804e-001
  9.4377517e+000  9.9630004e-001
  9.5627736e+000  9.9381043e-001
  9.6875920e+000  9.9749879e-001
  9.8124407e+000  9.9810255e-001
  9.9377622e+000  9.9898407e-001
  1.0062726e+001  9.9857474e-001
  1.0187397e+001  9.9835838e-001
  1.0312703e+001  9.9931300e-001
  1.0437686e+001  9.9654417e-001
  1.0562723e+001  9.9933785e-001
  1.0687644e+001  9.9645207e-001
  1.0812501e+001  1.0002925e+000
  1.0937663e+001  9.9915804e-001
  1.1062610e+001  9.9962438e-001
  1.1187822e+001  9.9773269e-001
  1.1312685e+001  9.9887005e-001
  1.1437634e+001  1.0002808e+000
  1.1562908e+001  9.9868585e-001
  1.1687762e+001  1.0006974e+000
  1.1812812e+001  9.9663920e-001
  1.1937429e+001  1.0031578e+000
  1.2062773e+001  1.0005600e+000
  1.2187627e+001  1.0030774e+000
  1.2312656e+001  9.9878818e-001
  1.2437943e+001  1.0027616e+000
  1.2562615e+001  1.0016520e+000
  1.2687602e+001  9.9876625e-001
  1.2812748e+001  9.9928084e-001
  1.2937461e+001  9.9782772e-001
  1.3062611e+001  1.0021374e+000
  1.3187370e+001  9.9933347e-001
  1.3312839e+001  1.0010103e+000
  1.3437238e+001  9.9802507e-001
  1.3562963e+001  1.0027865e+000
  1.3687533e+001  9.9927207e-001
  1.3812599e+001  9.9867854e-001
  1.3937862e+001  9.9962731e-001
  1.4062749e+001  9.9839201e-001
  1.4187625e+001  1.0020716e+000
  1.4312506e+001  9.9828237e-001
  1.4437658e+001  1.0028566e+000
