 -3.7489990e+000  0.0000000e+000
 -3.6248548e+000  1.5609297e-003
 -3.5000507e+000  4.1536605e-003
 -3.3721674e+000 -8.4337239e-003
 -3.2499506e+000  6.1231951e-003
 -3.1251113e+000 -5.0825753e-003
 -2.9999274e+000  8.2014952e-004
 -2.8751327e+000 -3.0924634e-003
 -2.7502494e+000 -4.6122387e-003
 -2.6252809e+000  2.0342060e-003
 -2.5001773e+000 -4.9061991e-003
 -2.3751114e+000  1.8137357e-003
 -2.2502065e+000 -6.9198278e-003
 -2.1249101e+000  5.8909664e-003
 -1.9999913e+000 -1.2934258e-003
 -1.8750147e+000  3.8685189e-003
 -1.7497025e+000 -4.2624258e-003
 -1.6250683e+000 -1.4786208e-003
 -1.5001524e+000 -1.2111168e-003
 -1.3750477e+000 -2.5956703e-003
 -1.2500469e+000 -7.1138417e-004
 -1.1250204e+000 -7.7429169e-003
 -9.9989105e-001  6.1173159e-003
 -8.7524504e-001 -6.4553704e-003
 -7.5025653e-001  4.4975941e-003
 -6.2505779e-001 -2.9249060e-003
 -4.9988309e-001  1.7196683e-003
 -3.7499808e-001  2.0342060e-003
 -2.4991556e-001  2.2252802e-003
 -1.2523729e-001  1.1670228e-003
  0.0000000e+000 -3.6568674e-003
  1.2494395e-001 -3.0689466e-003
  2.5009380e-001 -5.1443070e-003
  3.7473254e-001  4.0037406e-003
  4.9983098e-001 -2.4957238e-003
  6.2538158e-001  4.0331367e-003
  7.4994713e-001  7.8193466e-004
  8.7499626e-001 -8.5248516e-005
  1.0000793e+000  2.2541471e-001
  1.1249361e+000  4.1036578e-001
  1.2500430e+000  1.0644600e+000
  1.3749034e+000  1.5673645e+000
  1.4998606e+000  1.8872052e+000
  1.6248891e+000  1.5124704e+000
  1.7499381e+000  2.9066334e+000
  1.8905298e+000  2.4829630e+000
  2.0152771e+000  2.8344720e+000
  2.1405938e+000  3.2775556e+000
  2.2655557e+000  3.4526296e+000
  2.3903415e+000  3.3879377e+000
  2.5155785e+000  3.4147263e+000
  2.6401885e+000  3.3841779e+000
  2.7651016e+000  3.3609080e+000
  2.8905413e+000  3.3459984e+000
  3.0154661e+000  3.4328284e+000
  3.1406658e+000  2.9466708e+000
  3.2655811e+000  2.2034713e+000
  3.3903830e+000  1.9476581e+000
  3.5152825e+000  1.7095002e+000
  3.6403367e+000  1.6606528e+000
  3.7654188e+000  1.5477368e+000
  3.8901441e+000  1.5716887e+000
  4.0151198e+000  1.4208870e+000
  4.1406124e+000  1.2599731e+000
  4.2652549e+000  1.1955252e+000
  4.3904241e+000  1.1408809e+000
  4.5154103e+000  1.1097534e+000
  4.6406081e+000  1.0678288e+000
  4.7654411e+000  1.0316628e+000
  4.8905144e+000  9.1561610e-001
  5.0156475e+000  9.6187076e-001
  5.1406303e+000  9.8054019e-001
  5.2651833e+000  9.6993704e-001
  5.3909016e+000  9.9061715e-001
  5.5154929e+000  9.4975960e-001
  5.6403702e+000  9.6604206e-001
  5.7655187e+000  9.0390177e-001
  5.8906978e+000  9.2688948e-001
  6.0155990e+000  9.0631225e-001
  6.1405584e+000  9.2572833e-001
  6.2656314e+000  9.3570829e-001
  6.3904383e+000  9.3099316e-001
  6.5155752e+000  9.6558054e-001
  6.6407852e+000  9.5423661e-001
  6.7651210e+000  9.9454740e-001
  6.8904734e+000  9.8504660e-001
  7.0155968e+000  1.0309985e+000
  7.1407183e+000  1.0145338e+000
  7.2652833e+000  1.0183729e+000
  7.3904759e+000  1.0207569e+000
  7.5156092e+000  1.0117382e+000
  7.6403217e+000  1.0175704e+000
  7.7655458e+000  9.9505889e-001
  7.8905000e+000  1.0279825e+000
  8.0155749e+000  1.0013144e+000
  8.1405394e+000  1.0350022e+000
  8.2656128e+000  9.9997097e-001
  8.3904496e+000  1.0276179e+000
  8.5156025e+000  1.0013908e+000
  8.6405975e+000  1.0072142e+000
  8.7656011e+000  1.0109122e+000
  8.8905840e+000  1.0017465e+000
  9.0155690e+000  1.0166268e+000
  9.1407943e+000  9.9336568e-001
  9.2655744e+000  1.0221944e+000
  9.3905746e+000  9.8467033e-001
  9.5155557e+000  1.0138665e+000
  9.6405247e+000  9.8731598e-001
  9.7655099e+000  1.0089397e+000
  9.8906089e+000  9.9106691e-001
  1.0015311e+001  9.9619946e-001
  1.0140639e+001  9.9137557e-001
  1.0265742e+001  9.8822725e-001
  1.0390633e+001  1.0080872e+000
  1.0515519e+001  9.8502015e-001
  1.0640638e+001  1.0066174e+000
  1.0765675e+001  9.7728899e-001
  1.0890635e+001  1.0128082e+000
  1.1015650e+001  9.8681918e-001
  1.1140560e+001  1.0024549e+000
  1.1265494e+001  9.9574676e-001
  1.1390762e+001  9.8492902e-001
  1.1515603e+001  1.0026813e+000
  1.1640825e+001  9.8180716e-001
  1.1765553e+001  1.0043510e+000
  1.1890828e+001  9.8658695e-001
  1.2015910e+001  1.0021933e+000
  1.2140979e+001  9.8808909e-001
  1.2265468e+001  1.0167150e+000
  1.2390454e+001  9.9959176e-001
  1.2515571e+001  1.0010057e+000
  1.2640709e+001  9.9398300e-001
  1.2765644e+001  9.9070534e-001
  1.2890613e+001  1.0081901e+000
  1.3015596e+001  9.7671870e-001
  1.3140650e+001  1.0157302e+000
  1.3265681e+001  9.8349743e-001
  1.3390354e+001  1.0200455e+000
  1.3515830e+001  9.9127562e-001
  1.3640646e+001  1.0080078e+000
  1.3765794e+001  9.9675504e-001
  1.3890749e+001  1.0060765e+000
  1.4015318e+001  1.0078109e+000
  1.4140611e+001  9.8781277e-001
  1.4265579e+001  1.0133050e+000
  1.4390682e+001  9.8601667e-001
  1.4516915e+001  1.0140693e+000
