 -3.3749924e+000  0.0000000e+000
 -3.2500485e+000 -1.5141929e-003
 -3.1246277e+000  7.8777736e-004
 -3.0002153e+000 -4.2068935e-003
 -2.8745870e+000  3.5689112e-003
 -2.7500233e+000 -4.6391333e-003
 -2.6252901e+000  5.3348680e-003
 -2.5003743e+000 -2.9643169e-003
 -2.3752854e+000  3.5725207e-003
 -2.2503494e+000  3.1583285e-005
 -2.1252304e+000  1.2967194e-003
 -2.0001571e+000  5.5857295e-004
 -1.8751144e+000  1.9058256e-003
 -1.7502935e+000  3.0662858e-003
 -1.6251505e+000 -7.2731793e-004
 -1.5001421e+000 -3.4470899e-004
 -1.3748451e+000 -2.0330612e-003
 -1.2501360e+000 -1.9220685e-004
 -1.1254137e+000  9.6374137e-004
 -1.0005051e+000  1.4356859e-003
 -8.7517296e-001 -6.1000859e-004
 -7.5008458e-001  2.1061539e-003
 -6.2510892e-001  1.8435614e-003
 -5.0014122e-001  2.8876146e-004
 -3.7512463e-001  1.8489757e-003
 -2.5022328e-001 -2.4201820e-003
 -1.2529679e-001  2.7170649e-003
  0.0000000e+000 -9.8539848e-004
  1.2500402e-001  2.7784267e-003
  2.4953199e-001  8.2116540e-004
  3.7493047e-001  4.6445476e-003
  5.0026987e-001 -1.1270721e-003
  6.2502595e-001 -6.0459431e-004
  7.4991235e-001  9.7673564e-003
  8.7486496e-001  2.7663348e-002
  1.0001641e+000  5.5103808e-002
  1.1249122e+000  1.2096308e-001
  1.2498488e+000  5.7604753e-001
  1.3748950e+000  1.0573524e+000
  1.5310605e+000  1.2422834e+000
  1.6564935e+000  1.3081769e+000
  1.7811561e+000  1.1233398e+000
  1.9062526e+000  1.0494819e+000
  2.0310398e+000  9.9021087e-001
  2.1563579e+000  1.0469958e+000
  2.2811508e+000  1.2520544e+000
  2.4062636e+000  1.2574488e+000
  2.5313582e+000  1.3396059e+000
  2.6562725e+000  1.2851130e+000
  2.7810968e+000  1.1783985e+000
  2.9061553e+000  1.1517314e+000
  3.0313061e+000  1.1852431e+000
  3.1562544e+000  1.2036642e+000
  3.2811166e+000  1.2151046e+000
  3.4063265e+000  1.2742375e+000
  3.5311988e+000  1.3440276e+000
  3.6561712e+000  1.4191507e+000
  3.7812873e+000  1.4783594e+000
  3.9063150e+000  1.4431693e+000
  4.0326007e+000  1.3898125e+000
  4.1562771e+000  1.2815035e+000
  4.2811568e+000  1.2556386e+000
  4.4067235e+000  1.2507739e+000
  4.5313766e+000  1.2363773e+000
  4.6563132e+000  1.1715459e+000
  4.7812602e+000  1.1130581e+000
  4.9065029e+000  1.0728697e+000
  5.0316558e+000  1.0676206e+000
  5.1563968e+000  1.0386290e+000
  5.2813000e+000  1.0455439e+000
  5.4064022e+000  1.0501677e+000
  5.5313876e+000  1.0372664e+000
  5.6564914e+000  1.0431399e+000
  5.7812634e+000  1.0525283e+000
  5.9064021e+000  1.0418405e+000
  6.0313589e+000  1.0366383e+000
  6.1563030e+000  1.0492346e+000
  6.2812054e+000  1.0446208e+000
  6.4064908e+000  1.0356791e+000
  6.5311273e+000  1.0181323e+000
  6.6564114e+000  1.0059330e+000
  6.7813200e+000  1.0050451e+000
  6.9062766e+000  9.8949258e-001
  7.0315511e+000  9.9251645e-001
  7.1563890e+000  9.8812908e-001
  7.2811475e+000  9.8829422e-001
  7.4062378e+000  9.8551128e-001
  7.5313234e+000  9.9639488e-001
  7.6562013e+000  9.9575690e-001
  7.7811532e+000  9.9244156e-001
  7.9062717e+000  9.9353975e-001
  8.0313667e+000  9.9190464e-001
  8.1562799e+000  9.9438077e-001
  8.2812591e+000  9.9466231e-001
  8.4064356e+000  9.9877807e-001
  8.5312182e+000  9.9655550e-001
  8.6563579e+000  1.0003031e+000
  8.7811258e+000  9.9586699e-001
  8.9063903e+000  1.0013083e+000
  9.0313944e+000  9.9925903e-001
  9.1562801e+000  9.9526239e-001
  9.2811720e+000  9.9964615e-001
  9.4065117e+000  9.9406042e-001
  9.5315067e+000  9.9974812e-001
  9.6563319e+000  9.9658979e-001
  9.7812334e+000  1.0026150e+000
  9.9062224e+000  9.9785944e-001
  1.0032337e+001  1.0013471e+000
  1.0156214e+001  9.9769972e-001
  1.0281326e+001  9.9633081e-001
  1.0406534e+001  9.9731441e-001
  1.0531105e+001  9.9742450e-001
  1.0656474e+001  9.9924640e-001
  1.0781172e+001  9.9542392e-001
  1.0906745e+001  9.9789464e-001
  1.1031314e+001  9.9488430e-001
  1.1156092e+001  9.9854435e-001
  1.1281433e+001  9.9642646e-001
  1.1406635e+001  9.9850916e-001
  1.1531789e+001  9.9709423e-001
  1.1656267e+001  9.9812294e-001
  1.1781263e+001  9.9787388e-001
  1.1906270e+001  9.9588955e-001
  1.2031537e+001  9.9780350e-001
  1.2156518e+001  9.9529759e-001
  1.2281158e+001  9.9809857e-001
  1.2406456e+001  9.9692277e-001
  1.2531344e+001  9.9998635e-001
  1.2656754e+001  9.9877085e-001
  1.2781514e+001  9.9731892e-001
  1.2906382e+001  9.9775747e-001
  1.3031169e+001  9.9512884e-001
  1.3156440e+001  1.0005964e+000
  1.3281539e+001  9.9325640e-001
  1.3406489e+001  1.0019310e+000
  1.3531730e+001  9.9508282e-001
  1.3656400e+001  1.0029949e+000
  1.3781214e+001  9.9848840e-001
  1.3906437e+001  1.0020952e+000
  1.4031897e+001  9.9763295e-001
  1.4156522e+001  1.0012686e+000
  1.4281661e+001  9.9909661e-001
  1.4406595e+001  9.9785132e-001
  1.4531810e+001  1.0005639e+000
  1.4656678e+001  9.9703106e-001
  1.4781460e+001  1.0013156e+000
  1.4906776e+001  9.9749037e-001
  1.5031624e+001  1.0025193e+000
  1.5156869e+001  9.9593286e-001
  1.5281786e+001  1.0016539e+000
  1.5407044e+001  9.9888996e-001
  1.5531605e+001  9.9979866e-001
  1.5656271e+001  1.0013300e+000
  1.5781202e+001  9.9805797e-001
  1.5906417e+001  1.0034578e+000
  1.6031513e+001  9.9778274e-001
  1.6156365e+001  1.0033603e+000
  1.6281313e+001  9.9723770e-001
  1.6406503e+001  1.0035778e+000
